Kopplung Nr.3, symmetrisch0,025 0,200 -0,656
0,050 0,200 -0,680
0,082 0,377 -0,462
0,107 0,555 -0,267
0,132 0,755 -0,097
0,157 0,955 0,121
0,183 1,110 0,292
0,210 1,288 0,462
0,235 1,487 0,705
0,261 1,621 0,875
0,287 1,798 1,069
0,313 1,909 1,191
0,338 2,042 1,337
0,363 2,153 1,434
0,389 2,264 1,555
0,414 2,309 1,652
0,439 2,375 1,701
0,464 2,420 1,774
0,490 2,442 1,823
0,515 2,464 1,847
0,542 2,420 1,847
0,567 2,398 1,847
0,592 2,353 1,798
0,617 2,287 1,774
0,642 2,198 1,677
0,667 2,131 1,604
0,692 1,998 1,482
0,717 1,887 1,361
0,742 1,732 1,215
0,767 1,598 1,069
0,793 1,443 0,923
0,818 1,288 0,753
0,844 1,110 0,535
0,870 0,932 0,340
0,895 0,755 0,194
0,920 0,555 -0,024
0,945 0,400 -0,194
0,970 0,200 -0,437
0,996 0,044 -0,607
1,022 -0,155 -0,826
1,047 -0,289 -0,972
1,099 -0,555 -1,312
1,124 -0,733 -1,507
1,149 -0,844 -1,628
1,174 -0,955 -1,774
1,199 -1,043 -1,871
1,224 -1,132 -1,944
1,249 -1,177 -2,017
1,275 -1,221 -2,090
1,300 -1,265 -2,163
1,325 -1,265 -2,138
1,350 -1,243 -2,138
1,375 -1,221 -2,090
1,400 -1,177 -2,114
1,425 -1,132 -2,041
1,450 -1,066 -1,968
1,475 -0,955 -1,847
1,501 -0,866 -1,774
1,526 -0,733 -1,628
1,551 -0,622 -1,507
1,576 -0,466 -1,337
1,601 -0,355 -1,215
1,626 -0,178 -0,996
1,651 -0,022 -0,850
1,676 0,155 -0,656
1,702 0,311 -0,462
1,727 0,511 -0,267
1,753 0,666 -0,073
1,778 0,866 0,146
1,803 1,021 0,316
1,828 1,177 0,510
1,853 1,332 0,680
1,878 1,510 0,899
1,903 1,621 1,045
1,928 1,776 1,215
1,953 1,887 1,337
1,978 1,998 1,482
2,003 2,087 1,555
2,028 2,220 1,677
2,054 2,264 1,725
2,079 2,309 1,798
2,104 2,353 1,823
2,129 2,353 1,847
2,154 2,353 1,847
2,180 2,353 1,823
2,205 2,309 1,798
2,230 2,287 1,725
2,255 2,220 1,677
2,280 2,131 1,579
2,305 2,042 1,507
2,330 1,909 1,385
2,355 1,843 1,239
2,380 1,687 1,093
2,405 1,532 0,923
2,430 1,399 0,753
2,455 1,243 0,583
2,480 1,088 0,389
2,505 0,910 0,170
2,530 0,733 -0,024
2,555 0,577 -0,194
2,580 0,400 -0,413
2,605 0,244 -0,583
2,630 0,067 -0,778
2,656 -0,111 -0,972
2,681 -0,289 -1,142
2,706 -0,422 -1,288
2,731 -0,577 -1,458
2,756 -0,688 -1,579
2,781 -0,799 -1,725
2,806 -0,888 -1,798
2,832 -0,999 -1,920
2,857 -1,088 -1,968
2,882 -1,154 -2,065
2,907 -1,177 -2,065
2,932 -1,221 -2,090
2,957 -1,199 -2,090
2,982 -1,221 -2,114
3,007 -1,199 -2,065
3,032 -1,154 -2,041
3,057 -1,088 -1,968
3,082 -1,066 -1,871
3,107 -0,977 -1,750
3,132 -0,888 -1,628
3,157 -0,733 -1,507
3,182 -0,644 -1,361
3,207 -0,488 -1,215
3,232 -0,355 -1,045
3,257 -0,178 -0,875
3,282 -0,022 -0,705
3,307 0,133 -0,486
3,332 0,289 -0,340
3,357 0,444 -0,121
3,382 0,644 0,073
3,407 0,821 0,267
3,432 0,977 0,437
3,457 1,177 0,632
3,482 1,332 0,778
3,507 1,510 0,948
3,532 1,643 1,118
3,557 1,754 1,264
3,583 1,887 1,361
3,608 2,020 1,507
3,633 2,087 1,555
3,658 2,220 1,652
3,683 2,264 1,701
3,708 2,331 1,774
3,733 2,375 1,774
3,758 2,420 1,823
3,783 2,398 1,798
3,808 2,420 1,798
3,833 2,375 1,725
3,858 2,331 1,677
3,883 2,242 1,579
3,908 2,176 1,507
3,933 2,087 1,385
3,958 1,998 1,264
3,983 1,843 1,118
4,008 1,732 0,996
4,033 1,576 0,826
4,058 1,443 0,656
4,083 1,243 0,486
4,108 1,110 0,292
4,133 0,932 0,097
4,158 0,755 -0,073
4,183 0,555 -0,292
4,208 0,400 -0,462
4,233 0,244 -0,632
4,258 0,067 -0,778
4,283 -0,111 -0,972
4,308 -0,266 -1,093
4,333 -0,444 -1,288
4,358 -0,577 -1,385
4,383 -0,710 -1,531
4,408 -0,799 -1,652
4,433 -0,955 -1,774
4,458 -1,021 -1,847
4,483 -1,132 -1,920
4,508 -1,177 -1,944
4,533 -1,243 -1,993
4,558 -1,265 -2,017
4,583 -1,288 -2,041
4,608 -1,288 -1,993
4,633 -1,265 -1,944
4,658 -1,221 -1,920
4,683 -1,177 -1,847
4,708 -1,088 -1,750
4,733 -1,021 -1,652
4,758 -0,888 -1,555
4,783 -0,777 -1,409
4,808 -0,644 -1,264
4,833 -0,555 -1,118
4,858 -0,355 -0,948
4,883 -0,222 -0,826
4,908 -0,022 -0,632
4,933 0,111 -0,462
4,958 0,311 -0,267
4,983 0,466 -0,121
5,008 0,688 0,097
5,033 0,844 0,243
5,058 1,021 0,437
5,083 1,177 0,607
5,108 1,376 0,753
5,133 1,510 0,875
5,158 1,687 1,045
5,183 1,820 1,166
5,208 1,976 1,312
5,233 2,065 1,385
5,258 2,198 1,507
5,283 2,264 1,579
5,308 2,353 1,652
5,333 2,375 1,652
5,358 2,442 1,701
5,383 2,442 1,701
5,408 2,442 1,701
5,433 2,442 1,677
5,458 2,398 1,652
5,483 2,353 1,555
5,508 2,287 1,482
5,533 2,176 1,385
5,558 2,109 1,312
5,583 1,976 1,191
5,608 1,865 1,093
5,633 1,732 0,923
5,658 1,576 0,802
5,683 1,399 0,607
5,708 1,265 0,462
5,733 1,066 0,267
5,758 0,910 0,121
5,783 0,710 -0,073
5,808 0,533 -0,219
5,833 0,311 -0,413
5,858 0,178 -0,559
5,883 0,000 -0,753
5,908 -0,178 -0,899
5,933 -0,355 -1,045
5,958 -0,466 -1,191
5,983 -0,644 -1,337
6,008 -0,777 -1,458
6,033 -0,910 -1,555
6,058 -0,977 -1,652
6,083 -1,088 -1,774
6,108 -1,154 -1,798
6,133 -1,221 -1,871
6,158 -1,243 -1,895
6,183 -1,310 -1,944
6,208 -1,288 -1,944
6,233 -1,288 -1,944
6,258 -1,243 -1,895
6,283 -1,221 -1,871
6,308 -1,154 -1,798
6,333 -1,088 -1,750
6,358 -0,977 -1,628
6,383 -0,866 -1,555
6,408 -0,733 -1,409
6,433 -0,622 -1,312
6,458 -0,444 -1,142
6,483 -0,311 -0,996
6,508 -0,133 -0,826
6,533 0,022 -0,680
6,558 0,200 -0,510
6,583 0,377 -0,340
6,608 0,555 -0,170
6,633 0,755 0,024
6,658 0,932 0,194
6,683 1,088 0,340
6,708 1,265 0,510
6,733 1,421 0,680
6,758 1,598 0,826
6,783 1,732 0,948
6,808 1,865 1,118
6,833 1,998 1,191
6,858 2,131 1,337
6,883 2,176 1,434
6,908 2,287 1,531
6,933 2,331 1,579
6,958 2,398 1,628
6,983 2,420 1,628
7,008 2,442 1,701
7,033 2,420 1,677
7,058 2,398 1,677
7,083 2,331 1,604
7,108 2,309 1,579
7,133 2,198 1,482
7,158 2,131 1,434
7,183 2,020 1,337
7,208 1,909 1,239
7,233 1,754 1,118
7,258 1,643 0,996
7,283 1,443 0,826
7,308 1,332 0,680
7,333 1,154 0,510
7,358 0,999 0,340
7,383 0,799 0,170
7,408 0,622 0,024
7,433 0,422 -0,170
7,458 0,266 -0,316
7,483 0,089 -0,510
7,508 -0,067 -0,656
7,533 -0,222 -0,850
7,558 -0,377 -0,996
7,583 -0,555 -1,166
7,608 -0,688 -1,288
7,633 -0,799 -1,458
7,658 -0,888 -1,507
7,683 -1,021 -1,652
7,708 -1,066 -1,725
7,733 -1,154 -1,823
7,758 -1,177 -1,847
7,783 -1,243 -1,895
7,808 -1,243 -1,920
7,833 -1,265 -1,944
7,858 -1,221 -1,944
7,883 -1,199 -1,944
7,908 -1,132 -1,895
7,933 -1,088 -1,847
7,958 -0,977 -1,725
7,983 -0,888 -1,677
8,008 -0,777 -1,579
8,033 -0,666 -1,458
8,058 -0,533 -1,337
8,083 -0,377 -1,215
8,108 -0,222 -1,045
8,133 -0,067 -0,899
8,158 0,111 -0,729
8,183 0,266 -0,559
8,208 0,444 -0,389
8,233 0,599 -0,194
8,258 0,799 0,000
8,283 0,955 0,146
8,308 1,132 0,316
8,333 1,288 0,462
8,358 1,443 0,680
8,383 1,576 0,826
8,408 1,709 0,948
8,433 1,843 1,093
8,458 1,976 1,239
8,483 2,042 1,312
8,508 2,153 1,434
8,533 2,220 1,507
8,558 2,287 1,579
8,583 2,287 1,628
8,608 2,353 1,701
8,633 2,331 1,701
8,658 2,331 1,725
8,683 2,309 1,677
8,708 2,287 1,652
8,733 2,198 1,604
8,758 2,131 1,555
8,783 2,042 1,458
8,808 1,931 1,385
8,833 1,820 1,264
8,858 1,709 1,166
8,883 1,576 1,021
8,908 1,443 0,875
8,933 1,243 0,705
8,958 1,088 0,559
8,983 0,910 0,364
9,008 0,777 0,194
9,033 0,622 0,000
9,058 0,444 -0,194
9,083 0,222 -0,364
9,109 0,089 -0,510
9,134 -0,089 -0,705
9,160 -0,222 -0,850
9,185 -0,377 -1,069
9,210 -0,511 -1,191
9,235 -0,644 -1,361
9,260 -0,733 -1,482
9,285 -0,821 -1,604
9,310 -0,932 -1,677
9,335 -1,043 -1,798
9,360 -1,066 -1,847
9,385 -1,132 -1,920
9,410 -1,110 -1,968
9,435 -1,154 -2,017
9,460 -1,132 -2,017
9,485 -1,110 -1,993
9,512 -1,088 -1,944
9,538 -1,043 -1,920
9,564 -0,977 -1,871
9,589 -0,888 -1,774
9,615 -0,777 -1,677
9,640 -0,666 -1,555
9,665 -0,555 -1,434
9,690 -0,422 -1,312
9,716 -0,289 -1,166
9,741 -0,133 -0,972
9,766 0,000 -0,802
9,792 0,178 -0,632
9,817 0,333 -0,486
9,842 0,511 -0,292
9,867 0,666 -0,121
9,892 0,821 0,073
9,917 0,977 0,243
9,942 1,132 0,413
9,967 1,265 0,583
9,992 1,443 0,753
10,017 1,554 0,899
10,042 1,709 1,069
10,067 1,798 1,191
10,092 1,931 1,337
10,117 1,998 1,409
10,142 2,109 1,531
10,167 2,153 1,604
10,192 2,220 1,677
10,217 2,242 1,725
10,242 2,264 1,750
10,267 2,264 1,750
10,292 2,264 1,725
10,317 2,220 1,677
10,342 2,176 1,628
10,367 2,131 1,579
10,392 2,065 1,531
10,418 1,954 1,409
10,443 1,843 1,288
10,468 1,732 1,191
10,493 1,598 1,021
10,518 1,510 0,899
10,543 1,376 0,753
10,568 1,221 0,559
10,593 1,043 0,364
10,618 0,888 0,194
10,643 0,733 0,024
10,668 0,555 -0,146
10,693 0,400 -0,340
10,718 0,244 -0,510
10,743 0,089 -0,680
10,768 -0,067 -0,850
10,793 -0,222 -1,021
10,818 -0,355 -1,166
10,843 -0,488 -1,312
10,868 -0,599 -1,458
10,893 -0,733 -1,579
10,918 -0,821 -1,701
10,943 -0,866 -1,774
10,969 -0,955 -1,847
10,994 -1,021 -1,895
11,019 -1,043 -1,944
11,044 -1,110 -1,993
11,069 -1,110 -1,968
11,094 -1,110 -1,993
11,120 -1,088 -1,944
11,145 -1,043 -1,920
11,170 -0,999 -1,847
11,195 -0,955 -1,798
11,220 -0,844 -1,677
11,245 -0,777 -1,604
11,270 -0,666 -1,458
11,295 -0,577 -1,337
11,320 -0,422 -1,142
11,345 -0,311 -1,045
11,370 -0,155 -0,875
11,395 0,000 -0,729
11,420 0,155 -0,535
11,445 0,311 -0,389
11,470 0,466 -0,170
11,495 0,599 -0,024
11,520 0,777 0,194
11,545 0,932 0,340
11,570 1,088 0,510
11,595 1,243 0,680
11,620 1,399 0,850
11,645 1,532 0,996
11,670 1,665 1,142
11,695 1,754 1,264
11,720 1,887 1,361
11,745 1,976 1,434
11,770 2,065 1,531
11,795 2,131 1,579
11,820 2,198 1,652
11,845 2,242 1,677
11,870 2,264 1,701
11,895 2,264 1,652
11,920 2,287 1,677
11,945 2,242 1,628
11,970 2,220 1,579
11,996 2,109 1,507
12,021 2,087 1,434
12,047 1,976 1,312
12,072 1,909 1,191
12,097 1,754 1,069
12,122 1,643 0,948
12,147 1,487 0,778
12,172 1,399 0,632
12,197 1,243 0,437
12,222 1,110 0,292
12,247 0,932 0,121
12,272 0,799 -0,049
12,297 0,599 -0,243
12,322 0,466 -0,389
12,347 0,266 -0,583
12,372 0,111 -0,729
12,397 -0,044 -0,899
12,422 -0,178 -1,045
12,447 -0,333 -1,215
12,473 -0,444 -1,337
12,498 -0,599 -1,482
12,523 -0,710 -1,579
12,548 -0,821 -1,677
12,573 -0,888 -1,750
12,598 -0,977 -1,847
12,623 -1,021 -1,871
12,648 -1,088 -1,920
12,673 -1,154 -1,920
12,698 -1,154 -1,920
12,723 -1,132 -1,895
12,748 -1,132 -1,871
12,773 -1,088 -1,823
12,798 -1,043 -1,774
12,823 -0,977 -1,677
12,848 -0,910 -1,604
12,873 -0,799 -1,482
12,898 -0,710 -1,361
12,923 -0,599 -1,239
12,948 -0,466 -1,093
12,973 -0,311 -0,948
12,998 -0,178 -0,826
13,023 0,000 -0,632
13,048 0,155 -0,462
13,073 0,311 -0,267
13,098 0,444 -0,121
13,123 0,644 0,049
13,148 0,799 0,194
13,173 0,977 0,364
13,198 1,132 0,535
13,223 1,310 0,729
13,248 1,443 0,850
13,273 1,598 0,996
13,298 1,709 1,093
13,323 1,820 1,239
13,348 1,954 1,312
13,373 2,042 1,385
13,398 2,109 1,458
13,423 2,220 1,531
13,448 2,242 1,555
13,473 2,309 1,579
13,498 2,309 1,579
13,523 2,331 1,579
13,548 2,287 1,555
13,573 2,264 1,531
13,598 2,220 1,482
13,623 2,198 1,409
13,648 2,109 1,337
13,673 2,020 1,239
13,698 1,909 1,118
13,723 1,798 0,996
13,748 1,665 0,850
13,773 1,554 0,729
13,798 1,376 0,559
13,823 1,243 0,413
13,848 1,043 0,267
13,873 0,910 0,121
13,898 0,710 -0,049
13,923 0,555 -0,219
13,948 0,377 -0,389
13,973 0,222 -0,559
13,998 0,044 -0,729
14,023 -0,089 -0,875
14,048 -0,244 -1,021
14,073 -0,400 -1,142
14,098 -0,555 -1,288
14,123 -0,644 -1,361
14,148 -0,799 -1,507
14,173 -0,888 -1,555
14,198 -0,977 -1,652
14,223 -1,021 -1,701
14,248 -1,088 -1,798
14,273 -1,110 -1,823
14,298 -1,177 -1,847
14,323 -1,177 -1,823
14,348 -1,154 -1,823
14,373 -1,110 -1,798
14,398 -1,132 -1,750
14,423 -1,066 -1,677
14,448 -0,977 -1,628
14,473 -0,888 -1,531
14,498 -0,821 -1,434
14,523 -0,688 -1,312
14,548 -0,555 -1,215
14,573 -0,422 -1,069
14,598 -0,311 -0,948
14,623 -0,111 -0,778
14,648 0,022 -0,632
14,673 0,200 -0,486
14,698 0,355 -0,340
14,723 0,533 -0,146
14,748 0,710 0,000
14,773 0,888 0,170
14,798 1,021 0,316
14,823 1,221 0,486
14,848 1,354 0,632
14,873 1,510 0,778
14,898 1,643 0,899
14,923 1,754 1,045
14,948 1,865 1,118
14,973 1,998 1,239
14,998 2,087 1,312
15,023 2,176 1,385
15,048 2,242 1,434
15,073 2,287 1,507
15,098 2,309 1,531
15,123 2,331 1,531
15,148 2,309 1,531
15,173 2,287 1,531
15,198 2,220 1,482
15,223 2,220 1,482
15,248 2,131 1,385
15,273 2,087 1,337
15,298 1,954 1,215
15,323 1,865 1,142
15,348 1,709 1,021
15,373 1,598 0,923
15,398 1,465 0,753
15,423 1,310 0,607
15,448 1,154 0,462
15,473 0,977 0,340
15,498 0,821 0,170
15,523 0,666 0,024
15,548 0,488 -0,194
15,574 0,311 -0,340
15,599 0,133 -0,510
15,624 0,000 -0,656
15,650 -0,178 -0,826
15,675 -0,333 -0,972
15,700 -0,466 -1,093
15,725 -0,599 -1,239
15,750 -0,733 -1,337
15,775 -0,821 -1,458
15,800 -0,910 -1,579
15,825 -0,999 -1,628
15,850 -1,043 -1,701
15,875 -1,088 -1,750
15,900 -1,132 -1,798
15,925 -1,154 -1,823
15,950 -1,132 -1,847
15,976 -1,132 -1,823
16,001 -1,088 -1,774
16,026 -1,066 -1,774
16,051 -0,977 -1,701
16,077 -0,910 -1,652
16,102 -0,777 -1,555
16,127 -0,710 -1,458
16,152 -0,577 -1,337
16,177 -0,466 -1,239
16,202 -0,311 -1,093
16,227 -0,200 -0,948
16,252 0,000 -0,826
16,277 0,133 -0,680
16,302 0,311 -0,486
16,327 0,444 -0,364
16,352 0,599 -0,219
16,377 0,777 -0,024
16,402 0,977 0,146
16,427 1,110 0,292
16,452 1,265 0,486
16,477 1,399 0,583
16,502 1,532 0,753
16,527 1,643 0,875
16,552 1,820 1,021
16,577 1,909 1,118
16,602 1,998 1,264
16,627 2,065 1,337
16,652 2,131 1,434
16,677 2,176 1,482
16,702 2,242 1,531
16,727 2,242 1,531
16,752 2,242 1,579
16,777 2,198 1,579
16,802 2,198 1,579
16,827 2,153 1,531
16,853 2,087 1,482
16,878 2,020 1,409
16,903 1,931 1,361
16,928 1,843 1,239
16,953 1,754 1,166
16,978 1,621 1,045
17,003 1,487 0,948
17,028 1,332 0,778
17,053 1,221 0,632
17,078 1,043 0,462
17,103 0,910 0,340
17,128 0,733 0,170
17,153 0,622 0,000
17,178 0,422 -0,194
17,203 0,266 -0,340
17,228 0,089 -0,535
17,253 -0,044 -0,680
17,278 -0,200 -0,826
17,303 -0,311 -0,972
17,328 -0,444 -1,118
17,353 -0,555 -1,239
17,378 -0,688 -1,385
17,403 -0,755 -1,482
17,428 -0,866 -1,579
17,453 -0,932 -1,652
17,478 -0,977 -1,750
17,503 -1,021 -1,774
17,528 -1,043 -1,847
17,553 -1,021 -1,847
17,578 -1,066 -1,871
17,603 -1,021 -1,847
17,628 -0,999 -1,847
17,653 -0,955 -1,774
17,678 -0,888 -1,750
17,703 -0,799 -1,652
17,728 -0,733 -1,579
17,753 -0,622 -1,482
17,778 -0,533 -1,385
17,804 -0,355 -1,239
17,829 -0,266 -1,118
17,854 -0,111 -0,948
17,879 0,022 -0,826
17,904 0,200 -0,607
17,929 0,333 -0,486
17,954 0,488 -0,292
17,979 0,622 -0,170
18,004 0,799 0,024
18,029 0,932 0,170
18,054 1,088 0,364
18,079 1,221 0,510
18,104 1,399 0,705
18,129 1,532 0,826
18,154 1,665 0,996
18,179 1,732 1,093
18,204 1,843 1,215
18,230 1,909 1,312
18,255 2,020 1,409
18,280 2,042 1,458
18,305 2,109 1,531
18,330 2,131 1,555
18,355 2,176 1,579
18,380 2,153 1,604
18,405 2,153 1,604
18,430 2,131 1,579
18,455 2,087 1,579
18,480 1,998 1,507
18,505 1,976 1,434
18,530 1,887 1,337
18,555 1,820 1,239
18,580 1,687 1,118
18,605 1,576 1,021
18,630 1,443 0,875
18,655 1,332 0,753
18,680 1,177 0,559
18,705 1,043 0,437
18,730 0,888 0,243
18,755 0,755 0,097
18,780 0,599 -0,097
18,805 0,488 -0,243
18,830 0,289 -0,437
18,855 0,155 -0,559
18,880 0,022 -0,778
18,905 -0,133 -0,899
18,930 -0,289 -1,069
18,955 -0,400 -1,191
18,980 -0,511 -1,312
19,005 -0,599 -1,409
19,030 -0,710 -1,555
19,055 -0,777 -1,628
19,080 -0,866 -1,701
19,105 -0,910 -1,774
19,130 -0,955 -1,823
19,155 -0,977 -1,871
19,180 -0,999 -1,895
19,205 -0,999 -1,847
19,230 -0,977 -1,847
19,255 -0,932 -1,798
19,281 -0,910 -1,798
19,307 -0,821 -1,701
19,332 -0,777 -1,628
19,357 -0,688 -1,531
19,382 -0,599 -1,434
19,407 -0,488 -1,312
19,432 -0,377 -1,191
19,457 -0,266 -1,021
19,482 -0,133 -0,875
19,507 0,022 -0,705
19,532 0,133 -0,535
19,557 0,333 -0,413
19,582 0,466 -0,219
19,607 0,599 -0,049
19,632 0,733 0,097
19,657 0,910 0,267
19,682 1,043 0,437
19,707 1,221 0,583
19,732 1,332 0,729
19,757 1,465 0,875
19,782 1,576 1,021
19,807 1,687 1,118
19,832 1,776 1,215
19,857 1,887 1,312
19,882 1,954 1,409
19,907 2,020 1,458
19,932 2,065 1,531
19,957 2,109 1,555
19,982 2,109 1,579
20,007 2,131 1,579
20,032 2,131 1,579
20,057 2,131 1,531
20,082 2,065 1,458
20,107 2,042 1,409
20,132 1,954 1,337
20,157 1,887 1,239
20,182 1,798 1,142
20,207 1,709 1,045
20,232 1,576 0,923
20,257 1,487 0,802
20,282 1,354 0,607
20,307 1,199 0,486
20,332 1,066 0,316
20,357 0,932 0,170
20,383 0,777 -0,024
20,408 0,622 -0,194
20,433 0,466 -0,340
20,458 0,311 -0,486
20,483 0,178 -0,656
20,508 0,022 -0,826
20,533 -0,133 -0,948
20,558 -0,244 -1,093
20,583 -0,377 -1,215
20,608 -0,466 -1,337
20,633 -0,577 -1,458
20,658 -0,710 -1,555
20,683 -0,799 -1,652
20,709 -0,866 -1,701
20,734 -0,910 -1,725
20,759 -0,977 -1,798
20,784 -0,977 -1,798
20,809 -0,999 -1,823
20,834 -0,999 -1,774
20,859 -0,999 -1,774
20,884 -0,955 -1,725
20,909 -0,932 -1,701
20,934 -0,844 -1,604
20,959 -0,799 -1,531
20,984 -0,688 -1,409
21,010 -0,644 -1,312
21,035 -0,511 -1,166
21,060 -0,422 -1,069
21,085 -0,266 -0,923
21,110 -0,155 -0,802
21,135 0,000 -0,607
21,160 0,133 -0,486
21,185 0,289 -0,292
21,210 0,422 -0,146
21,235 0,622 0,049
21,260 0,755 0,170
21,285 0,932 0,316
21,310 1,066 0,462
21,335 1,199 0,656
21,360 1,332 0,753
21,385 1,465 0,899
21,410 1,598 0,996
21,435 1,732 1,142
21,460 1,798 1,191
21,485 1,887 1,312
21,510 1,976 1,385
21,535 2,065 1,434
21,560 2,109 1,458
21,585 2,153 1,531
21,610 2,153 1,507
21,635 2,198 1,482
21,660 2,176 1,434
21,685 2,153 1,434
21,710 2,109 1,337
21,735 2,042 1,337
21,760 1,998 1,239
21,785 1,931 1,166
21,810 1,820 1,069
21,835 1,732 0,948
21,860 1,598 0,826
21,885 1,487 0,729
21,910 1,354 0,559
21,935 1,199 0,437
21,960 1,043 0,267
21,985 0,910 0,121
22,010 0,733 -0,073
22,035 0,577 -0,194
22,060 0,422 -0,340
22,085 0,244 -0,486
22,110 0,089 -0,656
22,136 -0,044 -0,778
22,161 -0,200 -0,948
22,186 -0,333 -1,045
22,211 -0,466 -1,191
22,236 -0,555 -1,288
22,261 -0,666 -1,385
22,286 -0,755 -1,482
22,311 -0,866 -1,555
22,336 -0,910 -1,604
22,361 -0,999 -1,677
22,387 -0,999 -1,677
22,412 -1,043 -1,725
22,437 -1,043 -1,701
22,462 -1,066 -1,725
22,487 -0,999 -1,677
22,512 -0,999 -1,677
22,537 -0,932 -1,604
22,562 -0,866 -1,531
22,587 -0,777 -1,434
22,612 -0,733 -1,385
22,637 -0,599 -1,264
22,662 -0,511 -1,166
22,687 -0,355 -1,021
22,712 -0,244 -0,923
22,737 -0,089 -0,778
22,762 0,022 -0,632
22,787 0,200 -0,462
22,812 0,333 -0,340
22,837 0,511 -0,146
22,862 0,644 -0,024
22,887 0,844 0,146
22,912 0,955 0,267
22,937 1,132 0,413
22,962 1,265 0,535
22,987 1,399 0,705
23,012 1,532 0,802
23,037 1,687 0,948
23,062 1,754 1,021
23,087 1,887 1,142
23,112 1,954 1,215
23,137 2,042 1,288
23,162 2,109 1,312
23,187 2,153 1,361
23,212 2,153 1,409
23,238 2,220 1,434
23,263 2,198 1,409
23,288 2,176 1,409
23,313 2,131 1,385
23,338 2,087 1,361
23,363 1,998 1,288
23,388 1,931 1,215
23,413 1,865 1,118
23,438 1,754 1,069
23,463 1,621 0,948
23,488 1,554 0,826
23,513 1,399 0,705
23,538 1,265 0,583
23,563 1,088 0,413
23,588 0,955 0,292
23,613 0,799 0,121
23,638 0,666 0,024
23,663 0,511 -0,170
23,688 0,355 -0,267
23,713 0,200 -0,437
23,739 0,044 -0,583
23,764 -0,111 -0,753
23,789 -0,244 -0,875
23,814 -0,377 -1,021
23,840 -0,511 -1,142
23,865 -0,599 -1,264
23,890 -0,710 -1,385
23,915 -0,799 -1,458
23,940 -0,888 -1,531
23,965 -0,932 -1,579
23,990 -0,999 -1,652
24,015 -0,999 -1,701
24,040 -1,043 -1,725
24,065 -1,021 -1,701
24,090 -0,999 -1,725
24,115 -0,977 -1,701
24,140 -0,932 -1,652
24,165 -0,888 -1,579
24,190 -0,799 -1,531
24,215 -0,710 -1,458
24,240 -0,622 -1,361
24,265 -0,488 -1,264
24,290 -0,400 -1,191
24,315 -0,266 -1,069
24,340 -0,133 -0,923
24,365 -0,022 -0,778
24,390 0,133 -0,656
24,415 0,289 -0,486
24,440 0,444 -0,364
24,465 0,599 -0,194
24,490 0,733 -0,049
24,515 0,910 0,121
24,540 1,066 0,267
24,565 1,199 0,389
24,590 1,310 0,535
24,615 1,443 0,705
24,640 1,576 0,826
24,665 1,665 0,948
24,690 1,798 1,021
24,715 1,887 1,142
24,741 1,931 1,215
24,766 1,998 1,312
24,791 2,065 1,337
24,816 2,109 1,409
24,841 2,131 1,434
24,866 2,153 1,458
24,892 2,109 1,434
24,917 2,087 1,434
24,942 2,020 1,409
24,967 1,998 1,385
24,992 1,909 1,312
25,017 1,843 1,239
25,042 1,754 1,118
25,067 1,665 1,069
25,092 1,554 0,948
25,117 1,443 0,875
25,142 1,310 0,705
25,167 1,199 0,583
25,192 1,043 0,413
25,217 0,910 0,292
25,243 0,733 0,146
25,268 0,599 0,000
25,294 0,444 -0,194
25,319 0,289 -0,316
25,344 0,133 -0,510
25,370 0,022 -0,632
25,395 -0,133 -0,778
25,420 -0,289 -0,923
25,445 -0,377 -1,069
25,470 -0,488 -1,191
25,496 -0,577 -1,288
25,521 -0,688 -1,409
25,546 -0,755 -1,482
25,572 -0,844 -1,579
25,597 -0,866 -1,628
25,622 -0,932 -1,701
25,647 -0,932 -1,725
25,672 -0,955 -1,750
25,697 -0,910 -1,725
25,722 -0,932 -1,750
25,747 -0,888 -1,701
25,772 -0,844 -1,677
25,797 -0,755 -1,628
25,822 -0,710 -1,555
25,848 -0,599 -1,458
25,873 -0,533 -1,361
25,898 -0,422 -1,239
25,923 -0,311 -1,142
25,948 -0,178 -1,021
25,973 -0,067 -0,899
25,998 0,089 -0,729
26,023 0,244 -0,607
26,048 0,400 -0,437
26,073 0,488 -0,292
26,098 0,644 -0,146
26,123 0,799 0,024
26,148 0,955 0,194
26,173 1,066 0,316
26,198 1,221 0,462
26,223 1,310 0,607
26,249 1,443 0,778
26,274 1,554 0,899
26,299 1,687 1,021
26,325 1,754 1,118
26,350 1,843 1,215
26,375 1,887 1,288
26,400 1,954 1,361
26,425 1,998 1,409
26,450 2,065 1,482
26,475 2,065 1,482
26,500 2,020 1,507
26,525 2,020 1,458
26,550 2,020 1,434
26,575 1,954 1,409
26,600 1,931 1,361
26,625 1,865 1,288
26,650 1,776 1,215
26,675 1,687 1,118
26,700 1,598 1,045
26,725 1,465 0,899
26,750 1,376 0,778
26,775 1,221 0,632
26,800 1,132 0,486
26,825 0,977 0,340
26,850 0,844 0,219
26,875 0,688 0,073
26,900 0,599 -0,097
26,925 0,400 -0,267
26,950 0,311 -0,413
26,975 0,133 -0,559
27,000 0,022 -0,705
27,025 -0,133 -0,899
27,050 -0,222 -0,996
27,075 -0,333 -1,166
27,100 -0,422 -1,264
27,125 -0,533 -1,385
27,150 -0,644 -1,482
27,175 -0,733 -1,555
27,200 -0,755 -1,628
27,225 -0,821 -1,677
27,250 -0,844 -1,750
27,275 -0,888 -1,750
27,300 -0,866 -1,750
27,325 -0,888 -1,774
27,350 -0,866 -1,750
27,375 -0,866 -1,701
27,400 -0,777 -1,628
27,425 -0,710 -1,604
27,450 -0,644 -1,531
27,475 -0,599 -1,434
27,500 -0,488 -1,312
27,525 -0,400 -1,215
27,550 -0,266 -1,069
27,575 -0,178 -0,972
27,600 -0,044 -0,826
27,625 0,067 -0,656
27,650 0,222 -0,510
27,675 0,311 -0,364
27,700 0,488 -0,194
27,725 0,599 -0,049
27,750 0,755 0,121
27,775 0,888 0,243
27,800 1,043 0,389
27,825 1,177 0,535
27,850 1,310 0,680
27,875 1,399 0,826
27,901 1,510 0,948
27,926 1,598 1,069
27,951 1,709 1,166
27,976 1,798 1,239
28,002 1,887 1,312
28,027 1,909 1,361
28,052 1,954 1,409
28,077 1,998 1,458
28,102 1,998 1,458
28,127 2,020 1,482
28,152 2,020 1,434
28,177 1,998 1,409
28,202 1,954 1,361
28,227 1,909 1,312
28,253 1,865 1,239
28,278 1,776 1,166
28,303 1,732 1,045
28,328 1,621 0,948
28,353 1,510 0,826
28,378 1,399 0,705
28,403 1,265 0,535
28,428 1,154 0,413
28,453 0,999 0,219
28,478 0,888 0,097
28,503 0,733 -0,073
28,529 0,622 -0,194
28,554 0,422 -0,389
28,579 0,311 -0,510
28,604 0,155 -0,680
28,629 0,044 -0,778
28,654 -0,111 -0,923
28,679 -0,222 -1,045
28,704 -0,355 -1,166
28,730 -0,422 -1,264
28,755 -0,533 -1,385
28,780 -0,644 -1,458
28,805 -0,710 -1,531
28,830 -0,755 -1,579
28,855 -0,821 -1,652
28,880 -0,866 -1,677
28,905 -0,910 -1,701
28,930 -0,910 -1,677
28,955 -0,910 -1,677
28,980 -0,888 -1,652
29,006 -0,866 -1,628
29,032 -0,777 -1,579
29,057 -0,755 -1,507
29,082 -0,688 -1,409
29,107 -0,599 -1,337
29,132 -0,511 -1,239
29,157 -0,422 -1,118
29,182 -0,311 -0,996
29,207 -0,222 -0,850
29,232 -0,067 -0,705
29,257 0,044 -0,559
29,282 0,200 -0,413
29,307 0,355 -0,292
29,332 0,511 -0,121
29,357 0,622 0,024
29,382 0,777 0,170
29,407 0,932 0,340
29,432 1,043 0,462
29,457 1,177 0,607
29,482 1,310 0,729
29,507 1,443 0,850
29,532 1,532 0,948
29,557 1,643 1,045
29,582 1,732 1,118
29,607 1,820 1,215
29,632 1,909 1,288
29,657 1,931 1,312
29,683 2,020 1,337
29,708 2,042 1,385
29,733 2,042 1,385
29,758 2,087 1,385
29,783 2,042 1,361
29,808 2,020 1,337
29,833 1,976 1,264
29,858 1,909 1,215
29,883 1,887 1,118
29,908 1,798 1,045
29,933 1,709 0,948
29,958 1,621 0,875
29,983 1,487 0,729
30,008 1,376 0,607
30,033 1,243 0,462
30,058 1,110 0,316
30,083 0,977 0,170
30,109 0,844 0,049
30,134 0,688 -0,097
30,159 0,555 -0,219
30,184 0,400 -0,389
30,210 0,266 -0,486
30,235 0,111 -0,680
30,260 0,000 -0,778
30,285 -0,155 -0,923
30,310 -0,266 -1,045
30,335 -0,400 -1,166
30,360 -0,488 -1,239
30,385 -0,599 -1,361
30,410 -0,644 -1,385
30,435 -0,755 -1,482
30,460 -0,821 -1,531
30,485 -0,866 -1,579
30,510 -0,888 -1,604
30,535 -0,932 -1,628
30,560 -0,932 -1,628
30,585 -0,932 -1,604
30,610 -0,888 -1,579
30,635 -0,866 -1,531
30,660 -0,799 -1,458
30,685 -0,755 -1,409
30,710 -0,666 -1,337
30,735 -0,622 -1,264
30,760 -0,511 -1,142
30,785 -0,422 -1,069
30,810 -0,266 -0,923
30,835 -0,155 -0,802
30,860 -0,022 -0,656
30,885 0,111 -0,559
30,910 0,266 -0,413
30,935 0,422 -0,267
30,960 0,555 -0,121
30,985 0,688 0,024
31,010 0,844 0,170
31,035 0,977 0,292
31,061 1,154 0,437
31,086 1,288 0,559
31,111 1,421 0,705
31,136 1,487 0,802
31,162 1,643 0,923
31,187 1,709 0,996
31,212 1,820 1,093
31,237 1,887 1,142
31,262 1,954 1,239
31,287 1,976 1,264
31,312 2,042 1,312
31,337 2,065 1,312
31,362 2,087 1,337
31,387 2,065 1,312
31,412 2,065 1,312
31,437 1,998 1,264
31,462 1,976 1,239
31,487 1,887 1,166
31,512 1,865 1,118
31,537 1,754 1,021
31,562 1,665 0,948
31,587 1,532 0,826
31,612 1,443 0,753
31,637 1,288 0,583
31,662 1,199 0,462
31,687 1,043 0,316
31,712 0,910 0,194
31,737 0,755 0,049
31,762 0,622 -0,073
31,787 0,444 -0,219
31,812 0,311 -0,364
31,837 0,155 -0,486
31,863 0,044 -0,607
31,888 -0,111 -0,753
31,913 -0,222 -0,875
31,938 -0,355 -0,996
31,963 -0,444 -1,093
31,988 -0,577 -1,215
32,013 -0,644 -1,312
32,038 -0,733 -1,361
32,063 -0,777 -1,458
32,088 -0,844 -1,507
32,113 -0,888 -1,555
32,138 -0,932 -1,579
32,163 -0,910 -1,604
32,188 -0,910 -1,604
32,213 -0,888 -1,604
32,238 -0,866 -1,579
32,263 -0,844 -1,507
32,288 -0,777 -1,482
32,313 -0,710 -1,409
32,338 -0,622 -1,361
32,363 -0,511 -1,239
32,388 -0,422 -1,166
32,413 -0,333 -1,069
32,438 -0,200 -0,948
32,463 -0,044 -0,826
32,488 0,067 -0,705
32,513 0,222 -0,559
32,538 0,333 -0,437
32,563 0,488 -0,292
32,588 0,599 -0,170
32,613 0,755 -0,024
32,638 0,910 0,097
32,663 1,043 0,267
32,688 1,154 0,413
32,713 1,310 0,510
32,738 1,421 0,632
32,763 1,554 0,778
32,788 1,621 0,875
32,813 1,732 0,972
32,838 1,798 1,069
32,863 1,887 1,142
32,888 1,909 1,191
32,913 1,976 1,239
32,938 2,020 1,288
32,963 2,020 1,312
32,988 2,020 1,312
33,013 2,042 1,337
33,038 1,976 1,312
33,063 1,954 1,288
33,088 1,887 1,239
33,113 1,843 1,191
33,138 1,754 1,118
33,163 1,665 1,069
33,188 1,554 0,923
33,214 1,465 0,850
33,239 1,376 0,729
33,264 1,243 0,607
33,289 1,088 0,486
33,314 0,955 0,340
33,339 0,821 0,219
33,364 0,688 0,073
33,389 0,555 -0,049
33,414 0,422 -0,219
33,439 0,289 -0,364
33,464 0,133 -0,510
33,489 0,022 -0,632
33,514 -0,089 -0,778
33,539 -0,222 -0,875
33,564 -0,333 -0,996
33,590 -0,422 -1,118
33,615 -0,533 -1,215
33,640 -0,599 -1,312
33,665 -0,688 -1,409
33,690 -0,710 -1,458
33,715 -0,799 -1,507
33,740 -0,821 -1,531
33,765 -0,866 -1,604
33,790 -0,866 -1,579
33,816 -0,866 -1,604
33,841 -0,799 -1,604
33,866 -0,777 -1,604
33,892 -0,755 -1,507
33,917 -0,688 -1,507
33,942 -0,599 -1,409
33,967 -0,533 -1,337
33,992 -0,444 -1,239
34,017 -0,355 -1,166
34,042 -0,222 -1,045
34,067 -0,133 -0,948
34,092 0,044 -0,802
34,117 0,155 -0,705
34,143 0,266 -0,559
34,168 0,400 -0,413
34,193 0,555 -0,267
34,218 0,644 -0,121
34,244 0,799 0,024
34,269 0,932 0,170
34,294 1,088 0,316
34,319 1,199 0,437
34,344 1,310 0,583
34,369 1,421 0,705
34,394 1,532 0,826
34,419 1,598 0,948
34,444 1,709 1,021
34,469 1,776 1,118
34,494 1,843 1,166
34,519 1,865 1,239
34,544 1,909 1,312
34,570 1,931 1,337
34,596 1,954 1,337
34,621 1,954 1,385
34,647 1,909 1,337
34,672 1,931 1,337
34,697 1,843 1,288
34,722 1,820 1,264
34,748 1,732 1,166
34,773 1,687 1,118
34,798 1,576 1,021
34,823 1,510 0,923
34,848 1,376 0,802
34,873 1,288 0,705
34,898 1,132 0,559
34,923 1,021 0,413
34,948 0,888 0,267
34,973 0,777 0,146
34,998 0,644 -0,024
35,023 0,533 -0,146
35,048 0,355 -0,316
35,073 0,266 -0,437
35,098 0,133 -0,583
35,123 0,000 -0,705
35,148 -0,133 -0,850
35,173 -0,200 -0,972
35,198 -0,311 -1,093
35,223 -0,422 -1,166
35,248 -0,511 -1,288
35,273 -0,577 -1,361
35,298 -0,644 -1,458
35,323 -0,688 -1,507
35,348 -0,755 -1,579
35,374 -0,755 -1,628
35,399 -0,777 -1,652
35,424 -0,799 -1,652
35,449 -0,799 -1,652
35,474 -0,755 -1,579
35,499 -0,755 -1,579
35,524 -0,688 -1,531
35,549 -0,622 -1,482
35,574 -0,533 -1,385
35,599 -0,488 -1,288
35,624 -0,400 -1,191
35,649 -0,289 -1,093
35,674 -0,178 -0,972
35,699 -0,089 -0,875
35,724 0,022 -0,705
35,749 0,178 -0,607
35,775 0,311 -0,437
35,800 0,444 -0,316
35,825 0,533 -0,194
35,850 0,644 -0,024
35,875 0,799 0,121
35,900 0,955 0,267
35,925 1,066 0,413
35,950 1,199 0,559
35,975 1,288 0,680
36,000 1,399 0,778
36,025 1,510 0,899
36,050 1,576 0,996
36,075 1,665 1,069
36,100 1,732 1,142
36,125 1,798 1,215
36,150 1,843 1,264
36,175 1,887 1,312
36,200 1,909 1,312
36,225 1,909 1,337
36,250 1,909 1,312
36,275 1,887 1,312
36,300 1,865 1,288
36,325 1,820 1,264
36,350 1,776 1,215
36,375 1,754 1,118
36,400 1,665 1,021
36,425 1,576 0,923
36,450 1,465 0,826
36,475 1,376 0,729
36,500 1,288 0,583
36,525 1,177 0,462
36,550 1,043 0,316
36,575 0,932 0,194
36,600 0,777 0,049
36,625 0,644 -0,097
36,650 0,511 -0,243
36,675 0,422 -0,389
36,700 0,289 -0,535
36,725 0,178 -0,656
36,750 0,022 -0,778
36,775 -0,067 -0,899
36,800 -0,178 -1,045
36,825 -0,266 -1,142
36,850 -0,400 -1,215
36,875 -0,466 -1,288
36,900 -0,577 -1,409
36,925 -0,622 -1,458
36,950 -0,688 -1,531
36,975 -0,710 -1,579
37,000 -0,777 -1,604
37,025 -0,799 -1,604
37,050 -0,777 -1,579
37,075 -0,777 -1,579
37,100 -0,755 -1,555
37,125 -0,710 -1,531
37,150 -0,666 -1,458
37,175 -0,599 -1,385
37,200 -0,555 -1,337
37,227 -0,511 -1,239
37,252 -0,400 -1,118
37,277 -0,333 -1,021
37,302 -0,200 -0,875
37,327 -0,089 -0,802
37,352 0,000 -0,607
37,378 0,111 -0,510
37,403 0,289 -0,340
37,428 0,400 -0,219
37,453 0,555 -0,073
37,479 0,666 0,024
37,504 0,821 0,219
37,529 0,932 0,340
37,554 1,066 0,486
37,579 1,177 0,583
37,604 1,310 0,705
37,629 1,376 0,802
37,654 1,510 0,923
37,679 1,576 0,996
37,704 1,687 1,093
37,729 1,754 1,118
37,754 1,843 1,191
37,780 1,865 1,239
37,805 1,887 1,288
37,830 1,931 1,264
37,855 1,954 1,288
37,880 1,909 1,288
37,905 1,909 1,264
37,930 1,887 1,191
37,955 1,865 1,191
37,980 1,798 1,118
38,006 1,732 1,045
38,031 1,665 0,948
38,056 1,554 0,826
38,082 1,465 0,753
38,107 1,376 0,607
38,132 1,265 0,510
38,157 1,154 0,364
38,182 1,043 0,267
38,207 0,888 0,121
38,232 0,777 0,000
38,257 0,644 -0,146
38,283 0,533 -0,292
38,310 0,355 -0,413
38,335 0,244 -0,535
38,360 0,089 -0,705
38,385 -0,022 -0,802
38,410 -0,155 -0,923
38,435 -0,244 -1,021
38,460 -0,355 -1,142
38,485 -0,444 -1,215
38,510 -0,533 -1,312
38,535 -0,599 -1,361
38,560 -0,688 -1,434
38,585 -0,733 -1,458
38,610 -0,777 -1,507
38,635 -0,777 -1,531
38,660 -0,821 -1,555
38,685 -0,799 -1,507
38,710 -0,821 -1,507
38,735 -0,755 -1,434
38,760 -0,733 -1,434
38,785 -0,688 -1,361
38,811 -0,622 -1,288
38,836 -0,533 -1,239
38,861 -0,466 -1,142
38,886 -0,377 -1,021
38,911 -0,266 -0,923
38,936 -0,178 -0,802
38,961 -0,044 -0,705
38,986 0,089 -0,583
39,011 0,200 -0,437
39,037 0,333 -0,316
39,062 0,466 -0,170
39,087 0,577 -0,049
39,112 0,733 0,097
39,137 0,866 0,194
39,162 1,021 0,340
39,187 1,132 0,437
39,212 1,265 0,607
39,237 1,376 0,705
39,262 1,465 0,826
39,287 1,554 0,923
39,313 1,665 0,996
39,338 1,732 1,069
39,363 1,820 1,142
39,388 1,865 1,142
39,413 1,909 1,215
39,438 1,931 1,215
39,463 1,976 1,239
39,488 1,954 1,239
39,513 1,954 1,215
39,538 1,909 1,191
39,563 1,887 1,166
39,588 1,843 1,093
39,613 1,798 1,069
39,638 1,687 0,972
39,663 1,621 0,899
39,688 1,532 0,802
39,713 1,443 0,705
39,738 1,310 0,559
39,763 1,221 0,486
39,788 1,088 0,340
39,813 0,955 0,243
39,838 0,821 0,097
39,863 0,688 0,000
39,888 0,555 -0,146
39,913 0,422 -0,292
39,938 0,289 -0,437
39,963 0,155 -0,535
39,988 0,022 -0,680
40,013 -0,067 -0,778
40,038 -0,200 -0,899
40,063 -0,289 -0,972
40,088 -0,422 -1,093
40,113 -0,511 -1,191
40,138 -0,599 -1,264
40,163 -0,644 -1,337
40,188 -0,688 -1,409
40,213 -0,733 -1,434
40,238 -0,777 -1,482
40,263 -0,799 -1,507
40,288 -0,799 -1,531
40,313 -0,777 -1,482
40,339 -0,777 -1,482
40,364 -0,733 -1,434
40,389 -0,733 -1,434
40,414 -0,644 -1,361
40,439 -0,599 -1,288
40,464 -0,488 -1,191
40,489 -0,422 -1,118
40,514 -0,289 -1,021
40,540 -0,222 -0,923
40,565 -0,089 -0,826
40,590 0,022 -0,729
40,615 0,178 -0,583
40,640 0,266 -0,462
40,665 0,422 -0,316
40,690 0,555 -0,194
40,715 0,710 -0,073
40,740 0,821 0,049
40,765 0,977 0,194
40,790 1,088 0,292
40,815 1,199 0,437
40,840 1,310 0,535
40,865 1,421 0,680
40,890 1,510 0,753
40,915 1,621 0,850
40,940 1,665 0,923
40,965 1,754 0,996
40,990 1,798 1,069
41,015 1,865 1,118
41,040 1,887 1,142
41,066 1,931 1,166
41,091 1,909 1,215
41,116 1,909 1,239
41,141 1,909 1,191
41,166 1,887 1,191
41,191 1,820 1,118
41,217 1,798 1,118
41,242 1,709 1,021
41,267 1,621 0,948
41,292 1,554 0,875
41,317 1,443 0,802
41,342 1,332 0,680
41,367 1,221 0,583
41,392 1,110 0,437
41,417 0,999 0,316
41,442 0,866 0,194
41,467 0,755 0,097
41,492 0,622 -0,049
41,517 0,511 -0,146
41,542 0,355 -0,292
41,567 0,244 -0,437
41,592 0,111 -0,559
41,617 -0,022 -0,656
41,642 -0,111 -0,802
41,667 -0,244 -0,923
41,692 -0,355 -1,021
41,717 -0,444 -1,118
41,742 -0,511 -1,215
41,767 -0,599 -1,288
41,792 -0,644 -1,361
41,817 -0,666 -1,385
41,842 -0,710 -1,458
41,867 -0,755 -1,507
41,892 -0,777 -1,507
41,917 -0,755 -1,507
41,942 -0,755 -1,507
41,967 -0,688 -1,482
41,992 -0,688 -1,482
42,017 -0,644 -1,409
42,042 -0,577 -1,385
42,067 -0,488 -1,337
42,092 -0,444 -1,264
42,117 -0,333 -1,142
42,142 -0,244 -1,045
42,167 -0,133 -0,948
42,192 -0,044 -0,850
42,217 0,111 -0,729
42,242 0,200 -0,607
42,267 0,377 -0,486
42,292 0,488 -0,340
42,317 0,622 -0,219
42,342 0,733 -0,073
42,367 0,866 0,073
42,393 0,977 0,194
42,418 1,088 0,316
42,443 1,177 0,437
42,468 1,288 0,535
42,493 1,421 0,680
42,518 1,510 0,802
42,543 1,576 0,899
42,568 1,665 0,948
42,593 1,709 1,021
42,618 1,754 1,069
42,643 1,798 1,118
42,668 1,820 1,191
42,693 1,820 1,215
42,718 1,843 1,215
42,743 1,843 1,215
42,768 1,820 1,191
42,793 1,776 1,166
42,818 1,732 1,142
42,843 1,687 1,093
42,868 1,643 1,045
42,893 1,554 0,972
42,918 1,465 0,899
42,943 1,399 0,802
42,968 1,265 0,705
42,993 1,177 0,583
43,018 1,088 0,437
43,043 0,955 0,340
43,068 0,821 0,194
43,093 0,733 0,073
43,118 0,577 -0,073
43,143 0,466 -0,219
43,168 0,355 -0,340
43,193 0,244 -0,462
43,218 0,089 -0,607
43,243 0,000 -0,729
43,268 -0,111 -0,850
43,293 -0,200 -0,948
43,318 -0,311 -1,045
43,343 -0,377 -1,166
43,368 -0,466 -1,239
43,393 -0,511 -1,337
43,418 -0,599 -1,409
43,443 -0,644 -1,434
43,468 -0,666 -1,482
43,493 -0,688 -1,555
43,518 -0,710 -1,555
43,543 -0,688 -1,555
43,569 -0,710 -1,531
43,594 -0,666 -1,507
43,619 -0,622 -1,458
43,644 -0,555 -1,409
43,670 -0,511 -1,385
43,695 -0,444 -1,288
43,720 -0,355 -1,215
43,745 -0,289 -1,093
43,770 -0,200 -1,021
43,795 -0,067 -0,899
43,820 0,022 -0,778
43,845 0,133 -0,656
43,871 0,222 -0,583
43,896 0,377 -0,437
43,922 0,466 -0,292
43,947 0,599 -0,146
43,972 0,733 0,000
43,997 0,844 0,146
44,022 0,955 0,267
44,047 1,088 0,413
44,072 1,177 0,510
44,097 1,288 0,632
44,122 1,354 0,753
44,147 1,465 0,875
44,172 1,532 0,948
44,197 1,621 1,045
44,222 1,665 1,093
44,247 1,709 1,166
44,272 1,754 1,191
44,297 1,798 1,215
44,322 1,798 1,239
44,347 1,820 1,264
44,372 1,798 1,239
44,397 1,798 1,215
44,422 1,754 1,166
44,447 1,732 1,142
44,472 1,643 1,093
44,497 1,621 1,045
44,522 1,532 0,948
44,548 1,487 0,850
44,573 1,399 0,729
44,598 1,288 0,607
44,623 1,154 0,510
44,648 1,066 0,389
44,673 0,955 0,267
44,698 0,844 0,121
44,723 0,710 0,000
44,748 0,599 -0,121
44,773 0,488 -0,292
44,798 0,377 -0,413
44,823 0,244 -0,510
44,848 0,133 -0,656
44,873 0,000 -0,778
44,898 -0,089 -0,875
44,923 -0,178 -0,996
44,948 -0,266 -1,069
44,973 -0,355 -1,166
44,998 -0,422 -1,239
45,023 -0,511 -1,312
45,048 -0,555 -1,385
45,073 -0,599 -1,434
45,098 -0,622 -1,458
45,123 -0,666 -1,507
45,148 -0,666 -1,507
45,173 -0,666 -1,507
45,198 -0,688 -1,482
45,223 -0,644 -1,458
45,248 -0,599 -1,409
45,273 -0,577 -1,361
45,298 -0,511 -1,288
45,323 -0,466 -1,215
45,348 -0,377 -1,142
45,374 -0,289 -1,021
45,399 -0,200 -0,923
45,424 -0,089 -0,826
45,449 0,000 -0,705
45,474 0,133 -0,559
45,499 0,244 -0,462
45,524 0,355 -0,292
45,550 0,466 -0,194
45,575 0,599 -0,049
45,600 0,688 0,049
45,625 0,821 0,194
45,650 0,910 0,316
45,675 1,043 0,437
45,700 1,154 0,559
45,725 1,288 0,680
45,750 1,376 0,778
45,775 1,487 0,875
45,802 1,554 0,923
45,827 1,621 1,045
45,852 1,665 1,069
45,877 1,732 1,118
45,902 1,754 1,142
45,927 1,820 1,191
45,952 1,798 1,191
45,977 1,820 1,191
46,003 1,820 1,166
46,028 1,798 1,166
46,053 1,754 1,093
46,078 1,754 1,069
46,103 1,687 0,996
46,128 1,621 0,948
46,153 1,532 0,850
46,178 1,465 0,753
46,203 1,376 0,656
46,228 1,288 0,559
46,253 1,199 0,413
46,278 1,110 0,292
46,303 0,955 0,170
46,328 0,866 0,073
46,353 0,710 -0,049
46,378 0,599 -0,170
46,403 0,488 -0,316
46,428 0,355 -0,437
46,453 0,222 -0,559
46,478 0,133 -0,680
46,503 0,022 -0,826
46,528 -0,089 -0,899
46,553 -0,222 -0,996
46,578 -0,289 -1,093
46,603 -0,400 -1,166
46,628 -0,466 -1,215
46,653 -0,533 -1,312
46,678 -0,577 -1,361
46,703 -0,622 -1,409
46,728 -0,644 -1,409
46,753 -0,688 -1,434
46,778 -0,688 -1,409
46,803 -0,688 -1,409
46,828 -0,666 -1,385
46,853 -0,644 -1,385
46,878 -0,599 -1,312
46,903 -0,577 -1,264
46,928 -0,488 -1,215
46,953 -0,466 -1,142
46,978 -0,377 -1,021
47,003 -0,289 -0,948
47,028 -0,178 -0,826
47,053 -0,089 -0,753
47,078 0,044 -0,607
47,103 0,111 -0,510
47,128 0,266 -0,389
47,153 0,377 -0,267
47,179 0,511 -0,146
47,204 0,599 -0,024
47,229 0,733 0,097
47,254 0,844 0,194
47,279 0,955 0,316
47,304 1,088 0,437
47,329 1,199 0,559
47,354 1,288 0,632
47,379 1,399 0,753
47,404 1,487 0,826
47,429 1,576 0,899
47,454 1,665 0,972
47,480 1,687 1,021
47,506 1,754 1,069
47,532 1,798 1,118
47,557 1,843 1,166
47,582 1,843 1,142
47,607 1,843 1,118
47,632 1,820 1,118
47,657 1,820 1,118
47,682 1,754 1,045
47,707 1,754 0,996
47,732 1,665 0,899
47,757 1,643 0,875
47,782 1,510 0,778
47,807 1,465 0,705
47,832 1,332 0,583
47,857 1,265 0,486
47,882 1,154 0,389
47,907 1,043 0,292
47,932 0,910 0,170
47,957 0,799 0,049
47,982 0,644 -0,097
48,007 0,533 -0,194
48,032 0,400 -0,316
48,057 0,289 -0,413
48,082 0,178 -0,583
48,107 0,089 -0,680
48,132 -0,067 -0,778
48,157 -0,155 -0,850
48,182 -0,266 -0,996
48,207 -0,333 -1,045
48,232 -0,422 -1,118
48,258 -0,488 -1,191
48,283 -0,577 -1,264
48,308 -0,577 -1,312
48,333 -0,644 -1,361
48,358 -0,666 -1,361
48,383 -0,710 -1,385
48,408 -0,710 -1,361
48,433 -0,733 -1,385
48,458 -0,666 -1,337
48,483 -0,644 -1,312
48,508 -0,577 -1,264
48,533 -0,555 -1,239
48,558 -0,466 -1,166
48,583 -0,400 -1,093
48,608 -0,333 -0,996
48,633 -0,266 -0,899
48,658 -0,133 -0,802
48,683 -0,022 -0,729
48,708 0,111 -0,607
48,733 0,222 -0,510
48,758 0,333 -0,389
48,783 0,466 -0,292
48,808 0,599 -0,121
48,833 0,688 -0,024
48,858 0,844 0,121
48,883 0,932 0,194
48,908 1,066 0,340
48,933 1,154 0,413
48,958 1,288 0,535
48,983 1,332 0,632
49,008 1,465 0,729
49,033 1,532 0,802
49,058 1,621 0,899
49,083 1,665 0,972
49,108 1,732 1,021
49,133 1,754 1,045
49,158 1,798 1,093
49,183 1,798 1,093
49,208 1,843 1,093
49,233 1,820 1,118
49,258 1,798 1,093
49,283 1,776 1,045
49,308 1,732 1,069
49,333 1,687 0,972
49,358 1,643 0,948
49,383 1,554 0,875
49,408 1,487 0,826
49,433 1,376 0,729
49,458 1,310 0,632
49,483 1,199 0,510
49,508 1,088 0,413
49,533 0,977 0,292
49,558 0,844 0,194
49,583 0,733 0,049
49,608 0,622 -0,049
49,633 0,488 -0,194
49,658 0,377 -0,292
49,683 0,222 -0,437
49,708 0,111 -0,510
49,733 0,000 -0,680
49,758 -0,067 -0,753
49,783 -0,200 -0,850
49,808 -0,289 -0,923
49,833 -0,377 -1,045
49,858 -0,422 -1,093
49,883 -0,533 -1,191
49,908 -0,555 -1,215
49,933 -0,599 -1,288
49,958 -0,622 -1,312
49,983 -0,644 -1,385
50,008 -0,644 -1,385
50,033 -0,666 -1,385
50,058 -0,644 -1,361
50,083 -0,644 -1,337
50,108 -0,599 -1,312
50,133 -0,533 -1,288
50,158 -0,466 -1,215
50,183 -0,422 -1,191
50,208 -0,355 -1,093
50,233 -0,266 -1,021
50,258 -0,155 -0,899
50,283 -0,089 -0,826
50,308 0,044 -0,729
50,333 0,155 -0,632
50,358 0,289 -0,486
50,383 0,377 -0,389
50,408 0,511 -0,267
50,433 0,599 -0,170
50,458 0,755 -0,024
50,483 0,844 0,073
50,508 0,977 0,219
50,533 1,066 0,292
50,558 1,199 0,437
50,583 1,265 0,535
50,608 1,376 0,656
50,633 1,465 0,729
50,658 1,554 0,826
50,683 1,598 0,875
50,708 1,665 0,923
50,733 1,687 0,996
50,760 1,732 1,069
50,785 1,754 1,069
50,810 1,776 1,118
50,835 1,776 1,093
50,860 1,798 1,093
50,885 1,754 1,093
50,910 1,732 1,093
50,935 1,665 1,021
50,960 1,621 0,996
50,985 1,554 0,923
51,010 1,487 0,875
51,035 1,399 0,802
51,060 1,310 0,705
51,085 1,221 0,607
51,110 1,132 0,510
51,135 1,021 0,389
51,160 0,910 0,267
51,185 0,777 0,170
51,210 0,666 0,049
51,235 0,555 -0,073
51,261 0,444 -0,194
51,286 0,333 -0,316
51,312 0,222 -0,437
51,337 0,111 -0,535
51,362 0,000 -0,680
51,387 -0,067 -0,778
51,412 -0,200 -0,923
51,437 -0,244 -0,996
51,462 -0,355 -1,093
51,487 -0,400 -1,142
51,512 -0,466 -1,215
51,537 -0,511 -1,264
51,562 -0,577 -1,337
51,587 -0,555 -1,337
51,612 -0,599 -1,409
51,637 -0,599 -1,385
51,662 -0,622 -1,385
51,687 -0,599 -1,385
51,713 -0,555 -1,361
51,738 -0,533 -1,288
51,763 -0,488 -1,264
51,788 -0,422 -1,215
51,813 -0,355 -1,166
51,838 -0,266 -1,069
51,863 -0,222 -0,996
51,888 -0,089 -0,899
51,913 -0,022 -0,826
51,938 0,111 -0,705
51,963 0,200 -0,632
51,988 0,311 -0,462
52,013 0,422 -0,364
52,038 0,555 -0,243
52,063 0,622 -0,097
52,088 0,755 0,024
52,113 0,866 0,121
52,138 0,999 0,243
52,163 1,088 0,364
52,188 1,177 0,486
52,213 1,243 0,559
52,238 1,354 0,705
52,263 1,421 0,778
52,289 1,487 0,899
52,314 1,532 0,923
52,340 1,621 1,021
52,365 1,643 1,045
52,390 1,709 1,093
52,415 1,709 1,093
52,440 1,732 1,118
52,465 1,709 1,118
52,490 1,709 1,142
52,515 1,687 1,093
52,540 1,665 1,093
52,565 1,621 1,021
52,590 1,576 0,996
52,615 1,510 0,923
52,640 1,465 0,850
52,665 1,376 0,753
52,690 1,288 0,680
52,715 1,177 0,559
52,740 1,088 0,486
52,765 0,977 0,340
52,790 0,888 0,219
52,815 0,755 0,097
52,840 0,688 0,000
52,865 0,555 -0,170
52,890 0,444 -0,267
52,915 0,333 -0,389
52,940 0,244 -0,486
52,965 0,111 -0,632
52,990 0,044 -0,729
53,015 -0,089 -0,826
53,040 -0,155 -0,899
53,065 -0,244 -1,021
53,090 -0,289 -1,093
53,115 -0,355 -1,191
53,140 -0,422 -1,239
53,165 -0,466 -1,288
53,190 -0,488 -1,312
53,215 -0,533 -1,385
53,242 -0,577 -1,385
53,267 -0,555 -1,385
53,292 -0,577 -1,385
53,317 -0,555 -1,361
53,342 -0,533 -1,361
53,367 -0,488 -1,288
53,392 -0,466 -1,239
53,417 -0,422 -1,166
53,442 -0,355 -1,118
53,467 -0,266 -1,021
53,492 -0,200 -0,923
53,517 -0,089 -0,826
53,542 -0,022 -0,729
53,567 0,089 -0,607
53,592 0,200 -0,535
53,617 0,289 -0,413
53,642 0,400 -0,292
53,667 0,533 -0,170
53,692 0,622 -0,049
53,717 0,733 0,097
53,742 0,844 0,194
53,767 0,955 0,316
53,792 1,043 0,413
53,817 1,132 0,535
53,842 1,221 0,632
53,867 1,310 0,729
53,892 1,376 0,802
53,917 1,510 0,875
53,942 1,532 0,923
53,967 1,576 1,021
53,992 1,621 1,045
54,017 1,687 1,093
54,042 1,665 1,093
54,067 1,709 1,118
54,092 1,687 1,118
54,117 1,687 1,093
54,142 1,709 1,045
54,167 1,665 1,021
54,192 1,621 0,972
54,217 1,554 0,923
54,242 1,510 0,850
54,267 1,465 0,778
54,292 1,354 0,656
54,317 1,265 0,583
54,342 1,199 0,462
54,367 1,088 0,364
54,392 0,977 0,243
54,417 0,910 0,146
54,442 0,777 0,049
54,467 0,666 -0,073
54,492 0,555 -0,219
54,517 0,466 -0,340
54,542 0,333 -0,437
54,567 0,222 -0,559
54,592 0,111 -0,680
54,617 0,044 -0,778
54,642 -0,067 -0,875
54,667 -0,155 -0,948
54,692 -0,266 -1,045
54,717 -0,333 -1,118
54,742 -0,377 -1,191
54,767 -0,444 -1,239
54,792 -0,511 -1,288
54,817 -0,533 -1,312
54,842 -0,555 -1,361
54,867 -0,577 -1,361
54,892 -0,599 -1,361
54,917 -0,577 -1,361
54,942 -0,577 -1,361
54,967 -0,577 -1,288
54,992 -0,511 -1,239
55,017 -0,488 -1,191
55,042 -0,466 -1,118
55,067 -0,377 -1,069
55,092 -0,289 -0,972
55,117 -0,200 -0,899
55,142 -0,111 -0,802
55,167 -0,022 -0,705
55,192 0,067 -0,583
55,217 0,178 -0,486
55,242 0,311 -0,389
55,267 0,400 -0,267
55,292 0,511 -0,146
55,317 0,622 -0,049
55,342 0,733 0,073
55,367 0,821 0,219
55,392 0,932 0,316
55,417 1,021 0,389
55,442 1,154 0,486
55,467 1,243 0,607
55,492 1,354 0,680
55,517 1,421 0,753
55,542 1,487 0,826
55,567 1,576 0,875
55,592 1,621 0,948
55,617 1,665 0,972
55,642 1,709 1,021
55,667 1,709 1,021
55,692 1,732 1,021
55,717 1,732 0,996
55,742 1,732 0,996
55,767 1,709 0,972
55,792 1,665 0,923
55,817 1,621 0,875
55,842 1,576 0,826
55,867 1,532 0,778
55,892 1,443 0,680
55,917 1,376 0,607
55,942 1,310 0,535
55,967 1,199 0,413
55,992 1,110 0,316
56,017 0,977 0,219
56,042 0,910 0,121
56,067 0,777 0,000
56,092 0,666 -0,097
56,117 0,577 -0,219
56,143 0,466 -0,316
56,168 0,333 -0,437
56,193 0,200 -0,559
56,218 0,089 -0,656
56,243 0,000 -0,753
56,268 -0,111 -0,826
56,293 -0,200 -0,948
56,318 -0,266 -1,021
56,343 -0,355 -1,069
56,368 -0,422 -1,142
56,393 -0,466 -1,191
56,418 -0,511 -1,215
56,443 -0,555 -1,264
56,468 -0,599 -1,288
56,493 -0,622 -1,312
56,518 -0,622 -1,312
56,543 -0,599 -1,312
56,568 -0,599 -1,264
56,593 -0,577 -1,239
56,618 -0,511 -1,191
56,643 -0,466 -1,142
56,668 -0,400 -1,069
56,693 -0,355 -1,045
56,718 -0,244 -0,948
56,743 -0,178 -0,875
56,768 -0,089 -0,778
56,793 0,000 -0,680
56,818 0,111 -0,583
56,843 0,200 -0,462
56,868 0,333 -0,340
56,893 0,444 -0,267
56,918 0,577 -0,146
56,943 0,688 -0,049
56,968 0,799 0,049
56,993 0,888 0,170
57,018 1,021 0,292
57,043 1,110 0,364
57,068 1,221 0,462
57,093 1,288 0,535
57,118 1,376 0,656
57,143 1,465 0,753
57,168 1,532 0,802
57,193 1,576 0,850
57,218 1,621 0,899
57,243 1,687 0,923
57,268 1,687 0,972
57,293 1,709 0,972
57,318 1,754 0,996
57,344 1,732 0,996
57,369 1,732 0,996
57,394 1,687 0,948
57,419 1,665 0,923
57,444 1,576 0,875
57,469 1,532 0,850
57,494 1,465 0,753
57,519 1,399 0,680
57,544 1,332 0,583
57,569 1,265 0,510
57,594 1,132 0,413
57,619 1,043 0,340
57,644 0,932 0,219
57,669 0,844 0,121
57,694 0,733 0,000
57,719 0,622 -0,121
57,744 0,511 -0,219
57,769 0,400 -0,316
57,794 0,289 -0,437
57,819 0,178 -0,510
57,844 0,044 -0,632
57,869 -0,044 -0,729
57,894 -0,133 -0,826
57,920 -0,200 -0,923
57,945 -0,289 -0,996
57,970 -0,377 -1,045
57,995 -0,444 -1,118
58,020 -0,466 -1,142
58,045 -0,511 -1,215
58,070 -0,511 -1,264
58,095 -0,555 -1,288
58,120 -0,577 -1,288
58,145 -0,577 -1,312
58,170 -0,533 -1,288
58,195 -0,555 -1,264
58,220 -0,488 -1,215
58,245 -0,466 -1,191
58,270 -0,355 -1,142
58,295 -0,355 -1,069
58,320 -0,289 -0,996
58,345 -0,200 -0,948
58,370 -0,089 -0,875
58,395 0,000 -0,802
58,420 0,089 -0,680
58,445 0,178 -0,583
58,470 0,311 -0,462
58,495 0,400 -0,389
58,520 0,533 -0,243
58,545 0,622 -0,146
58,572 0,733 -0,024
58,597 0,844 0,073
58,622 0,955 0,194
58,647 1,043 0,267
58,672 1,177 0,364
58,697 1,221 0,486
58,722 1,310 0,607
58,747 1,399 0,680
58,772 1,487 0,778
58,797 1,510 0,826
58,822 1,576 0,875
58,847 1,621 0,923
58,872 1,687 0,948
58,897 1,665 0,972
58,922 1,687 0,996
58,947 1,687 0,996
58,972 1,709 1,021
58,997 1,643 0,972
59,022 1,643 0,996
59,047 1,598 0,923
59,072 1,554 0,923
59,097 1,487 0,826
59,122 1,421 0,778
59,147 1,354 0,729
59,172 1,265 0,632
59,197 1,177 0,535
59,222 1,088 0,437
59,247 0,977 0,340
59,272 0,888 0,243
59,297 0,777 0,146
59,322 0,666 0,024
59,347 0,533 -0,097
59,372 0,466 -0,194
59,397 0,355 -0,316
59,422 0,244 -0,413
59,447 0,133 -0,535
59,472 0,044 -0,607
59,497 -0,067 -0,729
59,522 -0,133 -0,802
59,547 -0,200 -0,899
59,572 -0,289 -0,996
59,597 -0,377 -1,069
59,622 -0,400 -1,118
59,647 -0,422 -1,191
59,672 -0,466 -1,191
59,697 -0,511 -1,239
59,722 -0,533 -1,239
59,747 -0,555 -1,264
59,772 -0,533 -1,264
59,797 -0,511 -1,288
59,822 -0,466 -1,239
59,847 -0,444 -1,239
59,873 -0,377 -1,166
59,898 -0,355 -1,142
59,923 -0,266 -1,069
59,948 -0,222 -0,996
59,973 -0,111 -0,923
59,998 -0,067 -0,826
60,023 0,067 -0,753
60,048 0,111 -0,656
60,073 0,244 -0,535
60,098 0,311 -0,437
60,123 0,422 -0,340
60,148 0,511 -0,219
60,173 0,666 -0,097
60,198 0,755 0,000
60,223 0,866 0,121
60,248 0,932 0,219
60,273 1,043 0,340
60,298 1,132 0,413
60,323 1,243 0,535
60,348 1,288 0,607
60,373 1,376 0,705
60,398 1,421 0,778
60,423 1,487 0,850
60,448 1,532 0,875
60,473 1,576 0,948
60,498 1,598 0,948
60,523 1,621 1,021
60,548 1,598 1,021
60,573 1,643 1,021
60,598 1,598 1,021
60,623 1,621 1,045
60,648 1,576 0,972
60,673 1,532 0,972
60,698 1,487 0,875
60,723 1,465 0,850
60,748 1,354 0,753
60,773 1,310 0,705
60,798 1,221 0,583
60,823 1,132 0,510
60,849 1,043 0,413
60,874 0,955 0,292
60,899 0,844 0,170
60,924 0,733 0,073
60,949 0,644 -0,024
60,974 0,555 -0,146
61,000 0,444 -0,243
61,025 0,333 -0,340
61,050 0,244 -0,437
61,075 0,155 -0,583
61,100 0,067 -0,656
61,125 -0,044 -0,778
61,150 -0,111 -0,875
61,175 -0,178 -0,972
61,200 -0,244 -1,045
61,225 -0,311 -1,118
61,250 -0,355 -1,166
61,275 -0,400 -1,239
61,300 -0,444 -1,239
61,325 -0,488 -1,288
61,350 -0,488 -1,288
61,375 -0,511 -1,288
61,400 -0,488 -1,288
61,425 -0,488 -1,288
61,450 -0,422 -1,239
61,475 -0,422 -1,215
61,500 -0,377 -1,191
61,525 -0,333 -1,093
61,550 -0,266 -1,069
61,575 -0,178 -0,996
61,600 -0,133 -0,899
61,625 -0,044 -0,802
61,651 0,067 -0,705
61,676 0,133 -0,607
61,701 0,266 -0,486
61,726 0,333 -0,389
61,751 0,444 -0,267
61,777 0,555 -0,170
61,802 0,644 -0,049
61,828 0,733 0,049
61,853 0,866 0,194
61,878 0,932 0,243
61,903 1,043 0,389
61,928 1,110 0,486
61,953 1,199 0,583
61,978 1,265 0,656
62,003 1,354 0,753
62,029 1,399 0,802
62,054 1,465 0,850
62,079 1,510 0,899
62,104 1,576 0,972
62,129 1,576 0,972
62,154 1,598 1,021
62,179 1,621 0,996
62,204 1,598 1,021
62,229 1,576 0,996
62,254 1,576 0,972
62,279 1,576 0,923
62,304 1,532 0,899
62,329 1,465 0,826
62,354 1,443 0,802
62,379 1,354 0,705
62,404 1,288 0,632
62,429 1,221 0,510
62,454 1,154 0,437
62,479 1,043 0,316
62,504 0,955 0,243
62,529 0,844 0,121
