Kopplung Nr. 1, symmetrisch0,027 4,640 5,467
0,052 5,994 6,682
0,109 6,260 6,780
0,135 6,238 6,658
0,160 6,061 6,391
0,185 5,816 6,075
0,210 5,528 5,662
0,235 5,217 5,249
0,260 4,817 4,739
0,285 4,396 4,228
0,310 3,907 3,645
0,335 3,441 3,037
0,361 2,930 2,357
0,386 2,398 1,701
0,411 1,820 1,021
0,436 1,265 0,340
0,461 0,666 -0,389
0,486 0,111 -1,069
0,534 -0,844 -2,211
0,559 -1,532 -2,965
0,601 -2,353 -3,912
0,626 -2,908 -4,520
0,651 -3,419 -5,079
0,676 -3,796 -5,516
0,701 -4,218 -5,954
0,727 -4,529 -6,318
0,752 -4,862 -6,634
0,777 -5,106 -6,853
0,802 -5,306 -7,047
0,827 -5,439 -7,120
0,853 -5,528 -7,168
0,878 -5,572 -7,144
0,903 -5,550 -7,023
0,928 -5,461 -6,853
0,953 -5,328 -6,610
0,979 -5,128 -6,318
1,004 -4,884 -5,954
1,029 -4,595 -5,540
1,054 -4,262 -5,054
1,079 -3,907 -4,593
1,104 -3,463 -4,010
1,129 -3,019 -3,451
1,154 -2,509 -2,794
1,179 -2,020 -2,163
1,204 -1,443 -1,482
1,229 -0,910 -0,826
1,256 -0,311 -0,121
1,282 0,289 0,607
1,307 0,932 1,312
1,332 1,532 1,968
1,357 2,087 2,624
1,382 2,620 3,232
1,407 3,197 3,815
1,432 3,685 4,350
1,457 4,174 4,884
1,482 4,618 5,346
1,507 5,062 5,735
1,532 5,417 6,075
1,557 5,750 6,367
1,583 6,016 6,585
1,608 6,260 6,755
1,633 6,438 6,877
1,658 6,549 6,925
1,683 6,616 6,925
1,709 6,593 6,804
1,734 6,593 6,682
1,759 6,460 6,439
1,784 6,305 6,148
1,809 6,083 5,808
1,834 5,816 5,443
1,859 5,483 4,981
1,884 5,106 4,544
1,909 4,684 3,985
1,934 4,218 3,402
1,959 3,730 2,819
1,984 3,219 2,211
2,009 2,642 1,555
2,034 2,109 0,899
2,059 1,510 0,194
2,084 0,955 -0,462
2,109 0,333 -1,142
2,134 -0,266 -1,798
2,159 -0,844 -2,479
2,184 -1,421 -3,062
2,209 -1,998 -3,645
2,234 -2,553 -4,204
2,259 -3,064 -4,739
2,285 -3,530 -5,176
2,310 -3,974 -5,638
2,335 -4,351 -5,978
2,360 -4,684 -6,294
2,385 -4,995 -6,512
2,410 -5,284 -6,755
2,435 -5,483 -6,877
2,460 -5,617 -6,950
2,485 -5,705 -6,925
2,510 -5,772 -6,877
2,535 -5,728 -6,707
2,560 -5,661 -6,537
2,585 -5,483 -6,269
2,610 -5,306 -5,978
2,635 -5,062 -5,589
2,660 -4,795 -5,176
2,685 -4,418 -4,690
2,710 -4,040 -4,204
2,735 -3,574 -3,645
2,760 -3,152 -3,086
2,785 -2,620 -2,454
2,810 -2,109 -1,847
2,835 -1,532 -1,166
2,860 -0,932 -0,535
2,885 -0,333 0,146
2,910 0,244 0,802
2,935 0,866 1,482
2,960 1,487 2,090
2,985 2,087 2,722
3,010 2,664 3,305
3,035 3,241 3,864
3,060 3,752 4,350
3,085 4,285 4,811
3,110 4,729 5,249
3,135 5,173 5,638
3,160 5,550 5,929
3,185 5,927 6,221
3,210 6,194 6,415
3,235 6,438 6,561
3,260 6,616 6,634
3,286 6,771 6,682
3,311 6,815 6,610
3,337 6,860 6,512
3,362 6,793 6,342
3,387 6,682 6,148
3,412 6,482 5,856
3,437 6,260 5,516
3,462 5,994 5,152
3,487 5,661 4,690
3,512 5,284 4,204
3,537 4,817 3,694
3,562 4,351 3,135
3,587 3,863 2,551
3,612 3,330 1,968
3,637 2,775 1,337
3,662 2,176 0,680
3,687 1,598 0,073
3,713 0,955 -0,607
3,738 0,333 -1,264
3,763 -0,311 -1,895
3,788 -0,932 -2,527
3,813 -1,510 -3,086
3,839 -2,109 -3,669
3,865 -2,686 -4,180
3,890 -3,241 -4,666
3,915 -3,707 -5,103
3,940 -4,174 -5,516
3,965 -4,573 -5,832
3,990 -4,951 -6,148
4,015 -5,217 -6,318
4,040 -5,483 -6,512
4,065 -5,705 -6,585
4,090 -5,883 -6,658
4,115 -5,927 -6,634
4,140 -5,994 -6,561
4,165 -5,927 -6,391
4,190 -5,883 -6,245
4,215 -5,705 -5,929
4,240 -5,506 -5,638
4,265 -5,217 -5,249
4,290 -4,951 -4,884
4,315 -4,529 -4,398
4,340 -4,151 -3,937
4,365 -3,707 -3,378
4,390 -3,219 -2,819
4,415 -2,664 -2,211
4,440 -2,109 -1,628
4,465 -1,510 -0,996
4,490 -0,910 -0,364
4,515 -0,266 0,267
4,540 0,355 0,899
4,565 0,977 1,531
4,590 1,598 2,114
4,615 2,242 2,722
4,640 2,819 3,232
4,665 3,419 3,742
4,690 3,952 4,228
4,715 4,484 4,739
4,740 4,973 5,103
4,765 5,417 5,443
4,790 5,816 5,735
4,815 6,194 6,002
4,840 6,460 6,148
4,865 6,727 6,318
4,890 6,882 6,367
4,915 7,015 6,391
4,942 7,060 6,318
4,967 7,082 6,196
4,992 6,993 6,026
5,017 6,860 5,832
5,042 6,660 5,565
5,067 6,438 5,249
5,092 6,127 4,860
5,117 5,772 4,447
5,144 5,350 3,985
5,169 4,817 3,451
5,194 4,351 2,940
5,219 3,796 2,357
5,244 3,263 1,798
5,269 2,664 1,166
5,295 2,065 0,559
5,320 1,376 -0,097
5,345 0,755 -0,705
5,370 0,111 -1,337
5,395 -0,533 -1,920
5,420 -1,177 -2,527
5,445 -1,776 -3,013
5,470 -2,398 -3,572
5,495 -2,930 -4,058
5,520 -3,485 -4,520
5,545 -3,996 -4,933
5,570 -4,462 -5,297
5,595 -4,840 -5,613
5,620 -5,239 -5,905
5,645 -5,528 -6,075
5,670 -5,772 -6,245
5,695 -5,927 -6,318
5,720 -6,105 -6,367
5,745 -6,172 -6,318
5,770 -6,194 -6,269
5,795 -6,105 -6,124
5,821 -6,016 -5,954
5,846 -5,816 -5,662
5,871 -5,617 -5,370
5,896 -5,306 -5,006
5,921 -4,973 -4,666
5,946 -4,573 -4,204
5,971 -4,151 -3,742
5,996 -3,619 -3,183
6,021 -3,130 -2,673
6,046 -2,553 -2,090
6,072 -1,954 -1,531
6,097 -1,310 -0,899
6,122 -0,688 -0,292
6,147 -0,044 0,292
6,172 0,622 0,923
6,198 1,265 1,507
6,223 1,954 2,090
6,248 2,553 2,624
6,273 3,197 3,183
6,298 3,752 3,669
6,324 4,329 4,131
6,349 4,862 4,544
6,374 5,350 4,933
6,399 5,794 5,249
6,424 6,194 5,540
6,449 6,505 5,759
6,474 6,793 5,929
6,499 6,993 6,051
6,524 7,148 6,148
6,549 7,237 6,124
6,574 7,282 6,099
6,599 7,215 5,978
6,624 7,126 5,832
6,649 6,949 5,613
6,674 6,749 5,370
6,699 6,438 5,054
6,724 6,127 4,666
6,749 5,705 4,252
6,774 5,284 3,839
6,799 4,773 3,353
6,824 4,262 2,843
6,849 3,685 2,284
6,875 3,086 1,750
6,900 2,442 1,142
6,925 1,820 0,559
6,950 1,154 -0,049
6,975 0,511 -0,632
7,000 -0,178 -1,239
7,025 -0,844 -1,798
7,050 -1,465 -2,357
7,075 -2,087 -2,867
7,100 -2,731 -3,402
7,126 -3,263 -3,864
7,152 -3,841 -4,325
7,177 -4,307 -4,714
7,202 -4,773 -5,103
7,227 -5,173 -5,419
7,252 -5,528 -5,662
7,277 -5,839 -5,856
7,303 -6,038 -6,026
7,328 -6,216 -6,124
7,354 -6,283 -6,148
7,380 -6,327 -6,124
7,405 -6,305 -6,051
7,430 -6,194 -5,929
7,455 -6,038 -5,710
7,480 -5,861 -5,492
7,505 -5,572 -5,200
7,530 -5,239 -4,860
7,555 -4,840 -4,471
7,580 -4,418 -4,034
7,605 -3,907 -3,572
7,630 -3,419 -3,110
7,655 -2,842 -2,576
7,680 -2,264 -2,041
7,705 -1,621 -1,458
7,730 -0,999 -0,899
7,755 -0,333 -0,316
7,780 0,355 0,243
7,805 1,021 0,875
7,830 1,643 1,409
7,855 2,331 1,968
7,880 2,953 2,503
7,905 3,596 3,037
7,930 4,151 3,499
7,955 4,729 3,961
7,980 5,195 4,350
8,005 5,705 4,739
8,030 6,105 5,079
8,055 6,482 5,346
8,080 6,749 5,540
8,105 7,015 5,783
8,130 7,171 5,881
8,155 7,326 5,954
8,180 7,370 5,954
8,205 7,370 5,954
8,230 7,259 5,856
8,255 7,148 5,710
8,280 6,926 5,492
8,305 6,682 5,273
8,330 6,349 4,957
8,355 5,994 4,641
8,380 5,528 4,228
8,405 5,084 3,839
8,430 4,551 3,353
8,455 3,996 2,867
8,480 3,397 2,333
8,505 2,797 1,798
8,530 2,109 1,239
8,555 1,487 0,680
8,580 0,821 0,073
8,605 0,155 -0,462
8,630 -0,511 -1,069
8,655 -1,154 -1,628
8,680 -1,820 -2,163
8,705 -2,420 -2,673
8,730 -3,019 -3,183
8,755 -3,574 -3,645
8,780 -4,107 -4,082
8,805 -4,573 -4,495
8,830 -5,017 -4,884
8,855 -5,372 -5,200
8,880 -5,705 -5,467
8,906 -5,927 -5,686
8,931 -6,149 -5,856
8,956 -6,283 -5,978
8,981 -6,394 -6,026
9,006 -6,394 -6,026
9,031 -6,327 -5,978
9,056 -6,216 -5,856
9,081 -6,038 -5,710
9,106 -5,772 -5,492
9,131 -5,483 -5,249
9,157 -5,106 -4,909
9,182 -4,729 -4,568
9,207 -4,262 -4,155
9,232 -3,752 -3,742
9,257 -3,219 -3,280
9,282 -2,620 -2,794
9,307 -1,998 -2,236
9,332 -1,376 -1,677
9,357 -0,710 -1,142
9,382 -0,044 -0,559
9,407 0,622 0,000
9,432 1,265 0,583
9,457 1,931 1,142
9,484 2,553 1,701
9,509 3,241 2,284
9,534 3,841 2,843
9,559 4,396 3,280
9,586 4,951 3,791
9,611 5,439 4,204
9,636 5,927 4,617
9,661 6,305 4,909
9,687 6,616 5,224
9,712 6,904 5,467
9,737 7,126 5,662
9,762 7,282 5,808
9,787 7,348 5,905
9,812 7,370 5,929
9,837 7,326 5,905
9,862 7,193 5,808
9,887 7,015 5,686
9,912 6,793 5,516
9,937 6,482 5,273
9,962 6,127 5,006
9,988 5,728 4,666
10,014 5,239 4,325
10,040 4,706 3,864
10,065 4,151 3,402
10,090 3,552 2,892
10,115 2,953 2,406
10,140 2,309 1,847
10,165 1,687 1,312
10,190 1,021 0,729
10,215 0,355 0,146
10,240 -0,333 -0,413
10,265 -0,955 -0,972
10,290 -1,621 -1,579
10,315 -2,242 -2,114
10,340 -2,864 -2,649
10,365 -3,397 -3,135
10,390 -3,907 -3,621
10,415 -4,396 -4,034
10,440 -4,817 -4,471
10,465 -5,195 -4,836
10,490 -5,550 -5,200
10,515 -5,839 -5,443
10,540 -6,038 -5,710
10,565 -6,172 -5,856
10,590 -6,305 -6,002
10,615 -6,305 -6,051
10,640 -6,260 -6,075
10,665 -6,149 -6,002
10,690 -6,016 -5,929
10,715 -5,794 -5,759
10,740 -5,528 -5,589
10,765 -5,173 -5,273
10,790 -4,817 -5,006
10,815 -4,351 -4,641
10,840 -3,929 -4,277
10,865 -3,352 -3,815
10,890 -2,819 -3,378
10,915 -2,176 -2,843
10,940 -1,576 -2,357
10,965 -0,932 -1,774
10,990 -0,311 -1,215
11,015 0,377 -0,632
11,040 1,021 -0,097
11,065 1,687 0,535
11,090 2,309 1,093
11,115 2,975 1,677
11,140 3,552 2,211
11,165 4,129 2,746
11,190 4,640 3,232
11,215 5,150 3,742
11,240 5,594 4,155
11,265 6,038 4,568
11,290 6,349 4,884
11,315 6,682 5,200
11,340 6,904 5,443
11,365 7,082 5,686
11,390 7,215 5,856
11,415 7,259 5,954
11,440 7,215 6,002
11,465 7,148 6,026
11,490 7,015 5,954
11,515 6,838 5,856
11,540 6,549 5,686
11,565 6,260 5,467
11,591 5,861 5,176
11,616 5,417 4,860
11,641 4,928 4,471
11,666 4,418 4,107
11,691 3,863 3,645
11,717 3,308 3,159
11,742 2,686 2,649
11,767 2,020 2,090
11,792 1,376 1,531
11,817 0,755 0,972
11,842 0,089 0,364
11,867 -0,577 -0,243
11,892 -1,199 -0,826
11,917 -1,820 -1,409
11,942 -2,420 -1,993
11,967 -2,997 -2,527
11,994 -3,530 -3,037
12,019 -4,040 -3,596
12,044 -4,484 -4,058
12,069 -4,906 -4,495
12,094 -5,217 -4,860
12,119 -5,550 -5,224
12,144 -5,772 -5,516
12,169 -5,972 -5,759
12,195 -6,083 -5,929
12,220 -6,149 -6,124
12,245 -6,127 -6,172
12,270 -6,083 -6,196
12,295 -5,950 -6,196
12,320 -5,794 -6,099
12,345 -5,528 -5,954
12,370 -5,239 -5,759
12,395 -4,862 -5,467
12,420 -4,484 -5,176
12,445 -4,040 -4,836
12,470 -3,552 -4,447
12,495 -2,997 -3,985
12,520 -2,442 -3,523
12,545 -1,820 -3,013
12,570 -1,265 -2,479
12,595 -0,622 -1,895
12,620 0,022 -1,361
12,645 0,666 -0,753
12,671 1,288 -0,146
12,696 1,954 0,486
12,721 2,553 1,069
12,746 3,175 1,652
12,771 3,730 2,236
12,796 4,285 2,770
12,821 4,773 3,280
12,846 5,217 3,791
12,871 5,639 4,228
12,896 6,016 4,666
12,922 6,327 5,030
12,947 6,593 5,346
12,972 6,793 5,613
12,997 6,904 5,832
13,022 7,015 6,026
13,047 7,015 6,124
13,072 6,993 6,172
13,097 6,860 6,172
13,122 6,704 6,148
13,147 6,482 6,002
13,172 6,216 5,856
13,197 5,861 5,638
13,222 5,483 5,346
13,247 5,084 5,030
13,272 4,573 4,617
13,297 4,063 4,228
13,322 3,530 3,766
13,347 2,975 3,280
13,372 2,375 2,746
13,397 1,732 2,187
13,422 1,088 1,604
13,447 0,511 1,021
13,472 -0,133 0,389
13,497 -0,777 -0,194
13,522 -1,354 -0,802
13,547 -1,954 -1,409
13,572 -2,509 -2,017
13,597 -3,064 -2,624
13,622 -3,574 -3,135
13,647 -4,018 -3,669
13,672 -4,440 -4,131
13,697 -4,795 -4,593
13,722 -5,150 -5,006
13,747 -5,395 -5,370
13,772 -5,639 -5,686
13,798 -5,772 -5,954
13,823 -5,861 -6,148
13,848 -5,905 -6,318
13,873 -5,883 -6,391
13,898 -5,839 -6,439
13,923 -5,683 -6,391
13,948 -5,483 -6,318
13,975 -5,217 -6,172
14,000 -4,928 -5,954
14,025 -4,573 -5,662
14,051 -4,174 -5,370
14,076 -3,685 -4,981
14,101 -3,197 -4,593
14,126 -2,686 -4,082
14,151 -2,153 -3,596
14,176 -1,554 -3,062
14,202 -0,977 -2,527
14,227 -0,355 -1,944
14,252 0,244 -1,337
14,277 0,888 -0,705
14,302 1,487 -0,073
14,327 2,109 0,535
14,352 2,664 1,142
14,377 3,241 1,750
14,402 3,752 2,333
14,427 4,262 2,916
14,452 4,706 3,475
14,477 5,150 3,961
14,502 5,550 4,423
14,528 5,905 4,860
14,554 6,194 5,273
14,579 6,416 5,613
14,605 6,616 5,929
14,630 6,704 6,099
14,656 6,749 6,269
14,681 6,727 6,367
14,706 6,682 6,439
14,732 6,549 6,391
14,757 6,371 6,318
14,782 6,105 6,172
14,807 5,816 6,002
14,832 5,483 5,759
14,857 5,106 5,443
14,882 4,662 5,079
14,907 4,196 4,666
14,932 3,685 4,228
14,957 3,152 3,742
14,982 2,597 3,208
15,007 2,020 2,649
15,032 1,421 2,065
15,057 0,844 1,458
15,083 0,244 0,826
15,108 -0,377 0,194
15,133 -0,955 -0,462
15,158 -1,554 -1,093
15,184 -2,087 -1,725
15,209 -2,620 -2,333
15,234 -3,130 -2,916
15,259 -3,619 -3,499
15,284 -4,018 -4,010
15,309 -4,418 -4,520
15,334 -4,751 -4,933
15,359 -5,039 -5,370
15,384 -5,261 -5,735
15,409 -5,439 -6,002
15,434 -5,550 -6,245
15,459 -5,617 -6,439
15,484 -5,639 -6,561
15,509 -5,617 -6,658
15,534 -5,506 -6,658
15,559 -5,372 -6,610
15,584 -5,128 -6,464
15,609 -4,884 -6,318
15,634 -4,573 -6,075
15,659 -4,262 -5,783
15,684 -3,841 -5,395
15,709 -3,419 -5,030
15,736 -2,908 -4,544
15,761 -2,398 -4,058
15,787 -1,820 -3,499
15,812 -1,288 -2,940
15,838 -0,710 -2,333
15,864 -0,089 -1,677
15,889 0,511 -1,045
15,914 1,110 -0,364
15,939 1,665 0,243
15,964 2,242 0,923
15,989 2,775 1,555
16,014 3,330 2,187
16,039 3,818 2,770
16,064 4,285 3,353
16,089 4,706 3,864
16,114 5,106 4,374
16,139 5,439 4,836
16,164 5,794 5,297
16,189 6,016 5,613
16,214 6,238 5,954
16,239 6,349 6,196
16,264 6,482 6,415
16,289 6,505 6,537
16,314 6,527 6,658
16,339 6,394 6,634
16,364 6,283 6,610
16,389 6,105 6,464
16,414 5,861 6,342
16,439 5,550 6,099
16,464 5,217 5,808
16,489 4,862 5,467
16,514 4,440 5,103
16,539 3,974 4,666
16,564 3,508 4,204
16,589 2,975 3,669
16,614 2,464 3,110
16,639 1,909 2,503
16,664 1,376 1,895
16,689 0,777 1,239
16,714 0,200 0,607
16,739 -0,355 -0,049
16,764 -0,910 -0,705
16,789 -1,487 -1,361
16,814 -2,020 -1,993
16,839 -2,531 -2,600
16,864 -2,997 -3,208
16,889 -3,463 -3,791
16,914 -3,818 -4,325
16,939 -4,218 -4,836
16,964 -4,529 -5,249
16,989 -4,817 -5,686
17,014 -4,995 -6,002
17,039 -5,217 -6,294
17,064 -5,328 -6,488
17,089 -5,395 -6,682
17,114 -5,372 -6,780
17,139 -5,372 -6,853
17,164 -5,261 -6,828
17,189 -5,128 -6,755
17,214 -4,928 -6,610
17,239 -4,684 -6,415
17,264 -4,396 -6,124
17,290 -4,085 -5,808
17,315 -3,663 -5,395
17,340 -3,263 -4,981
17,365 -2,842 -4,495
17,391 -2,331 -3,985
17,416 -1,776 -3,378
17,442 -1,265 -2,794
17,467 -0,710 -2,138
17,492 -0,155 -1,507
17,518 0,422 -0,850
17,543 0,999 -0,170
17,568 1,554 0,486
17,593 2,109 1,191
17,618 2,620 1,823
17,643 3,130 2,454
17,668 3,619 3,013
17,693 4,085 3,621
17,718 4,507 4,155
17,743 4,884 4,666
17,769 5,217 5,127
17,794 5,550 5,540
17,819 5,772 5,881
17,844 5,994 6,196
17,869 6,127 6,415
17,894 6,238 6,610
17,919 6,260 6,731
17,944 6,283 6,780
17,969 6,194 6,755
17,994 6,105 6,707
18,019 5,927 6,561
18,044 5,683 6,367
18,069 5,395 6,099
18,094 5,106 5,808
18,119 4,751 5,419
18,144 4,351 5,006
18,169 3,907 4,520
18,194 3,485 4,034
18,219 2,997 3,499
18,244 2,486 2,916
18,269 1,931 2,284
18,294 1,399 1,652
18,319 0,821 0,996
18,345 0,333 0,340
18,370 -0,244 -0,389
18,395 -0,799 -1,045
18,420 -1,354 -1,701
18,445 -1,865 -2,333
18,470 -2,353 -2,965
18,495 -2,819 -3,548
18,520 -3,263 -4,131
18,545 -3,641 -4,617
18,570 -4,018 -5,103
18,595 -4,307 -5,540
18,620 -4,595 -5,954
18,645 -4,795 -6,245
18,670 -4,995 -6,512
18,695 -5,128 -6,707
18,720 -5,217 -6,877
18,745 -5,217 -6,925
18,770 -5,217 -6,974
18,795 -5,106 -6,901
18,820 -5,017 -6,804
18,845 -4,817 -6,585
18,870 -4,618 -6,342
18,895 -4,329 -6,026
18,920 -4,040 -5,686
18,945 -3,641 -5,249
18,970 -3,241 -4,787
18,995 -2,797 -4,277
19,020 -2,398 -3,742
19,045 -1,865 -3,159
19,070 -1,354 -2,576
19,095 -0,821 -1,895
19,120 -0,311 -1,264
19,145 0,244 -0,559
19,170 0,799 0,097
19,195 1,332 0,778
19,220 1,843 1,409
19,245 2,375 2,090
19,270 2,886 2,697
19,295 3,397 3,305
19,320 3,841 3,888
19,345 4,262 4,423
19,370 4,662 4,884
19,395 5,017 5,322
19,420 5,306 5,710
19,445 5,572 6,075
19,470 5,772 6,318
19,495 5,972 6,561
19,520 6,105 6,731
19,545 6,172 6,828
19,570 6,172 6,828
19,595 6,149 6,804
19,620 6,038 6,682
19,645 5,905 6,561
19,670 5,705 6,318
19,695 5,461 6,051
19,720 5,173 5,710
19,745 4,862 5,322
19,770 4,462 4,860
19,795 4,085 4,423
19,820 3,619 3,888
19,845 3,152 3,305
19,870 2,664 2,673
19,895 2,198 2,065
19,920 1,621 1,409
19,945 1,110 0,753
19,970 0,533 0,049
19,996 0,022 -0,607
20,021 -0,555 -1,288
20,046 -1,088 -1,944
20,071 -1,621 -2,576
20,097 -2,109 -3,183
20,122 -2,620 -3,791
20,147 -2,997 -4,325
20,172 -3,441 -4,860
20,197 -3,818 -5,297
20,222 -4,151 -5,735
20,247 -4,418 -6,075
20,272 -4,684 -6,391
20,297 -4,884 -6,610
20,322 -5,062 -6,804
20,347 -5,106 -6,901
20,372 -5,173 -6,950
20,397 -5,173 -6,901
20,422 -5,128 -6,853
20,447 -5,017 -6,707
20,472 -4,862 -6,512
20,497 -4,640 -6,221
20,522 -4,418 -5,905
20,547 -4,107 -5,492
20,572 -3,818 -5,079
20,597 -3,397 -4,568
20,622 -2,997 -4,082
20,647 -2,553 -3,475
20,672 -2,065 -2,892
20,698 -1,576 -2,284
20,724 -1,043 -1,604
20,750 -0,488 -0,948
20,775 0,111 -0,219
20,802 0,644 0,462
20,827 1,221 1,191
20,852 1,754 1,823
20,877 2,309 2,454
20,902 2,775 3,062
20,927 3,286 3,669
20,952 3,707 4,180
20,977 4,174 4,714
21,002 4,573 5,127
21,028 4,951 5,565
21,053 5,261 5,905
21,078 5,550 6,196
21,103 5,750 6,415
21,129 5,927 6,585
21,154 6,083 6,707
21,179 6,172 6,755
21,204 6,194 6,755
21,230 6,149 6,658
21,255 6,083 6,537
21,280 5,950 6,318
21,305 5,750 6,075
21,330 5,483 5,759
21,355 5,217 5,419
21,380 4,884 4,981
21,405 4,529 4,495
21,430 4,129 3,985
21,455 3,685 3,426
21,480 3,219 2,794
21,505 2,731 2,236
21,530 2,220 1,579
21,555 1,687 0,948
21,580 1,132 0,243
21,605 0,622 -0,389
21,630 0,044 -1,069
21,655 -0,488 -1,677
21,680 -1,043 -2,333
21,705 -1,532 -2,940
21,730 -2,065 -3,548
21,755 -2,553 -4,082
21,780 -3,019 -4,617
21,805 -3,419 -5,079
21,830 -3,818 -5,516
21,855 -4,107 -5,856
21,880 -4,440 -6,172
21,905 -4,684 -6,415
21,930 -4,906 -6,634
21,955 -5,039 -6,755
21,981 -5,195 -6,853
22,006 -5,239 -6,828
22,031 -5,239 -6,755
22,056 -5,195 -6,634
22,081 -5,106 -6,488
22,106 -4,928 -6,196
22,131 -4,751 -5,929
22,156 -4,484 -5,540
22,182 -4,240 -5,127
22,207 -3,863 -4,666
22,232 -3,508 -4,180
22,257 -3,064 -3,596
22,282 -2,620 -3,037
22,307 -2,131 -2,406
22,332 -1,643 -1,823
22,357 -1,088 -1,142
22,384 -0,555 -0,510
22,409 0,022 0,170
22,434 0,599 0,850
22,459 1,132 1,507
22,484 1,709 2,138
22,509 2,220 2,722
22,534 2,775 3,329
22,559 3,241 3,864
22,584 3,730 4,374
22,609 4,174 4,836
22,634 4,595 5,273
22,659 4,951 5,613
22,684 5,328 5,929
22,709 5,572 6,196
22,736 5,861 6,391
22,761 6,016 6,512
22,786 6,194 6,585
22,812 6,283 6,610
22,837 6,327 6,561
22,862 6,305 6,439
22,887 6,216 6,269
22,912 6,061 6,075
22,937 5,927 5,783
22,962 5,639 5,419
22,988 5,372 5,054
23,014 5,039 4,593
23,039 4,618 4,058
23,064 4,218 3,548
23,089 3,752 2,965
23,114 3,286 2,381
23,139 2,797 1,798
23,165 2,264 1,142
23,190 1,687 0,486
23,215 1,132 -0,146
23,240 0,555 -0,802
23,265 0,022 -1,434
23,290 -0,555 -2,065
23,316 -1,088 -2,649
23,341 -1,687 -3,256
23,366 -2,176 -3,791
23,391 -2,686 -4,325
23,416 -3,130 -4,787
23,441 -3,574 -5,200
23,466 -3,952 -5,565
23,491 -4,351 -5,905
23,516 -4,640 -6,172
23,541 -4,906 -6,391
23,567 -5,106 -6,512
23,592 -5,284 -6,610
23,617 -5,372 -6,610
23,642 -5,439 -6,610
23,667 -5,417 -6,464
23,692 -5,372 -6,318
23,717 -5,239 -6,075
23,742 -5,106 -5,832
23,767 -4,884 -5,492
23,792 -4,618 -5,103
23,817 -4,285 -4,641
23,842 -3,974 -4,228
23,867 -3,552 -3,694
23,892 -3,152 -3,159
23,917 -2,642 -2,576
23,942 -2,176 -1,993
23,967 -1,621 -1,385
23,992 -1,066 -0,778
24,017 -0,488 -0,121
24,042 0,089 0,535
24,067 0,644 1,166
24,092 1,199 1,750
24,117 1,820 2,381
24,142 2,353 2,916
24,167 2,886 3,475
24,192 3,397 3,961
24,217 3,907 4,447
24,242 4,351 4,860
24,267 4,795 5,273
24,292 5,150 5,589
24,317 5,528 5,856
24,342 5,816 6,051
24,367 6,061 6,245
24,392 6,260 6,318
24,418 6,416 6,367
24,444 6,482 6,342
24,469 6,505 6,294
24,495 6,482 6,148
24,520 6,416 5,954
24,545 6,283 5,710
24,570 6,061 5,395
24,595 5,816 5,054
24,620 5,506 4,617
24,645 5,173 4,204
24,670 4,751 3,718
24,695 4,329 3,232
24,720 3,841 2,649
24,745 3,352 2,090
24,770 2,819 1,507
24,795 2,309 0,899
24,820 1,709 0,267
24,845 1,132 -0,364
24,870 0,555 -0,972
24,895 -0,022 -1,579
24,920 -0,622 -2,163
24,945 -1,177 -2,722
24,970 -1,754 -3,280
24,995 -2,287 -3,791
25,020 -2,819 -4,277
25,045 -3,308 -4,690
25,070 -3,752 -5,103
25,095 -4,151 -5,443
25,120 -4,529 -5,735
25,145 -4,817 -5,978
25,170 -5,106 -6,172
25,195 -5,328 -6,269
25,220 -5,506 -6,342
25,245 -5,594 -6,342
25,270 -5,661 -6,318
25,295 -5,639 -6,196
25,320 -5,617 -6,051
25,345 -5,483 -5,832
25,370 -5,328 -5,565
25,395 -5,084 -5,224
25,420 -4,840 -4,860
25,445 -4,507 -4,398
25,470 -4,129 -3,961
25,495 -3,707 -3,451
25,520 -3,263 -2,965
25,545 -2,775 -2,381
25,570 -2,242 -1,823
25,595 -1,687 -1,215
25,620 -1,132 -0,632
25,645 -0,511 -0,024
25,670 0,067 0,583
25,695 0,688 1,191
25,720 1,265 1,750
25,745 1,865 2,308
25,770 2,420 2,867
25,795 2,997 3,402
25,820 3,530 3,864
25,845 4,063 4,301
25,871 4,551 4,714
25,896 4,995 5,103
25,921 5,395 5,370
25,946 5,772 5,662
25,971 6,061 5,856
25,996 6,305 6,002
26,023 6,505 6,075
26,048 6,638 6,124
26,073 6,727 6,075
26,098 6,749 6,026
26,123 6,682 5,856
26,148 6,616 5,686
26,173 6,438 5,443
26,198 6,238 5,176
26,223 5,972 4,811
26,248 5,661 4,447
26,273 5,284 3,985
26,299 4,862 3,548
26,324 4,396 3,037
26,349 3,885 2,479
26,374 3,352 1,920
26,399 2,797 1,361
26,424 2,198 0,802
26,449 1,621 0,194
26,474 1,021 -0,413
26,499 0,422 -0,972
26,524 -0,178 -1,555
26,549 -0,755 -2,114
26,574 -1,354 -2,673
26,599 -1,976 -3,159
26,624 -2,531 -3,669
26,649 -3,041 -4,082
26,674 -3,552 -4,544
26,700 -3,974 -4,884
26,725 -4,396 -5,249
26,750 -4,795 -5,516
26,775 -5,106 -5,735
26,800 -5,350 -5,929
26,825 -5,594 -6,026
26,850 -5,728 -6,099
26,875 -5,816 -6,099
26,900 -5,861 -6,075
26,925 -5,861 -5,929
26,950 -5,772 -5,759
26,975 -5,639 -5,516
27,000 -5,417 -5,297
27,025 -5,173 -4,957
27,051 -4,884 -4,617
27,076 -4,507 -4,180
27,101 -4,151 -3,791
27,126 -3,707 -3,280
27,151 -3,197 -2,770
27,176 -2,664 -2,211
27,201 -2,131 -1,701
27,226 -1,510 -1,093
27,251 -0,932 -0,535
27,277 -0,311 0,024
27,302 0,289 0,607
27,327 0,955 1,215
27,354 1,554 1,750
27,379 2,198 2,308
27,404 2,797 2,843
27,429 3,352 3,329
27,454 3,863 3,766
27,479 4,418 4,228
27,504 4,884 4,568
27,529 5,350 4,909
27,556 5,728 5,176
27,581 6,083 5,419
27,606 6,371 5,638
27,632 6,571 5,759
27,657 6,771 5,856
27,682 6,882 5,856
27,707 6,926 5,856
27,732 6,904 5,735
27,757 6,860 5,638
27,782 6,704 5,395
27,807 6,527 5,200
27,832 6,260 4,909
27,857 5,927 4,568
27,882 5,572 4,180
27,907 5,217 3,815
27,932 4,751 3,329
27,957 4,262 2,892
27,982 3,707 2,333
28,007 3,175 1,847
28,032 2,575 1,288
28,057 1,976 0,753
28,082 1,376 0,146
28,107 0,733 -0,389
28,132 0,111 -0,972
28,157 -0,488 -1,507
28,182 -1,132 -2,065
28,207 -1,732 -2,576
28,232 -2,331 -3,062
28,257 -2,864 -3,499
28,282 -3,419 -3,961
28,307 -3,863 -4,350
28,332 -4,329 -4,714
28,357 -4,729 -5,030
28,382 -5,084 -5,297
28,407 -5,372 -5,516
28,432 -5,617 -5,710
28,457 -5,772 -5,808
28,482 -5,905 -5,856
28,507 -5,972 -5,856
28,532 -5,994 -5,832
28,557 -5,927 -5,735
28,582 -5,839 -5,589
28,607 -5,639 -5,346
28,632 -5,439 -5,103
28,657 -5,150 -4,787
28,682 -4,817 -4,471
28,707 -4,418 -4,082
28,732 -4,018 -3,694
28,757 -3,508 -3,183
28,782 -2,997 -2,722
28,807 -2,442 -2,211
28,832 -1,887 -1,701
28,857 -1,265 -1,142
28,882 -0,666 -0,632
28,907 -0,022 -0,073
28,932 0,599 0,510
28,957 1,265 1,045
28,982 1,865 1,579
29,007 2,486 2,138
29,032 3,041 2,624
29,057 3,641 3,110
29,084 4,174 3,548
29,110 4,751 4,010
29,135 5,195 4,350
29,160 5,639 4,714
29,185 5,994 5,006
29,210 6,327 5,224
29,235 6,571 5,419
29,260 6,793 5,565
29,285 6,926 5,662
29,311 7,015 5,686
29,336 7,015 5,662
29,361 6,993 5,589
29,386 6,904 5,467
29,412 6,749 5,322
29,437 6,482 5,103
29,462 6,194 4,836
29,487 5,861 4,520
29,512 5,439 4,180
29,537 5,017 3,791
29,562 4,551 3,353
29,587 4,040 2,916
29,612 3,508 2,406
29,638 2,930 1,920
29,663 2,287 1,337
29,689 1,687 0,802
29,714 1,021 0,243
29,739 0,377 -0,292
29,766 -0,266 -0,875
29,791 -0,910 -1,434
29,816 -1,532 -1,944
29,841 -2,153 -2,479
29,866 -2,708 -2,940
29,892 -3,286 -3,451
29,917 -3,774 -3,864
29,942 -4,262 -4,277
29,967 -4,662 -4,593
29,992 -5,039 -4,909
30,017 -5,328 -5,152
30,042 -5,617 -5,395
30,067 -5,794 -5,565
30,092 -5,950 -5,686
30,117 -6,038 -5,710
30,142 -6,061 -5,759
30,167 -6,016 -5,710
30,192 -5,927 -5,638
30,218 -5,772 -5,467
30,244 -5,550 -5,273
30,270 -5,261 -5,006
30,295 -4,928 -4,739
30,320 -4,529 -4,374
30,345 -4,107 -4,010
30,370 -3,619 -3,596
30,395 -3,130 -3,135
30,420 -2,553 -2,649
30,445 -2,020 -2,138
30,470 -1,376 -1,628
30,495 -0,777 -1,118
30,520 -0,133 -0,559
30,545 0,488 -0,049
30,570 1,154 0,535
30,595 1,754 1,045
30,620 2,375 1,579
30,645 2,975 2,114
30,670 3,552 2,600
30,695 4,107 3,062
30,720 4,618 3,523
30,745 5,062 3,912
30,770 5,528 4,301
30,795 5,883 4,593
30,820 6,238 4,933
30,845 6,505 5,127
30,870 6,727 5,370
30,895 6,882 5,492
30,920 6,993 5,613
30,945 7,015 5,662
30,970 7,015 5,638
30,995 6,926 5,565
31,020 6,793 5,467
31,046 6,571 5,297
31,072 6,283 5,079
31,097 5,972 4,836
31,124 5,572 4,520
31,149 5,128 4,155
31,174 4,640 3,766
31,199 4,151 3,353
31,224 3,596 2,892
31,249 3,019 2,406
31,275 2,420 1,895
31,300 1,798 1,385
31,325 1,154 0,802
31,350 0,511 0,267
31,376 -0,133 -0,292
31,401 -0,733 -0,826
31,427 -1,354 -1,385
31,452 -2,020 -1,895
31,477 -2,575 -2,454
31,502 -3,130 -2,940
31,527 -3,641 -3,402
31,552 -4,107 -3,815
31,577 -4,529 -4,204
31,602 -4,906 -4,568
31,627 -5,239 -4,884
31,653 -5,483 -5,176
31,678 -5,705 -5,395
31,704 -5,883 -5,540
31,730 -5,972 -5,686
31,755 -6,038 -5,783
31,781 -5,972 -5,759
31,806 -5,883 -5,735
31,832 -5,728 -5,613
31,857 -5,506 -5,467
31,882 -5,261 -5,273
31,907 -4,951 -5,030
31,932 -4,573 -4,739
31,957 -4,151 -4,398
31,982 -3,707 -4,034
32,007 -3,197 -3,596
32,032 -2,664 -3,135
32,057 -2,087 -2,697
32,082 -1,487 -2,211
32,107 -0,866 -1,677
32,133 -0,244 -1,118
32,158 0,377 -0,559
32,183 0,999 -0,024
32,208 1,643 0,559
32,233 2,242 1,069
32,258 2,864 1,604
32,284 3,441 2,138
32,310 4,018 2,697
32,335 4,529 3,159
32,360 4,995 3,596
32,385 5,395 3,985
32,410 5,816 4,398
32,435 6,127 4,714
32,460 6,416 5,006
32,485 6,616 5,249
32,510 6,793 5,467
32,535 6,882 5,589
32,560 6,949 5,686
32,585 6,904 5,710
32,610 6,860 5,710
32,635 6,704 5,638
32,660 6,505 5,516
32,685 6,238 5,370
32,710 5,950 5,152
32,735 5,572 4,860
32,760 5,173 4,568
32,785 4,706 4,204
32,811 4,218 3,815
32,836 3,641 3,353
32,861 3,086 2,916
32,886 2,509 2,406
32,911 1,931 1,920
32,936 1,310 1,385
32,961 0,733 0,826
32,986 0,067 0,267
33,011 -0,555 -0,292
33,037 -1,177 -0,875
33,062 -1,776 -1,409
33,087 -2,353 -1,944
33,112 -2,908 -2,454
33,137 -3,397 -2,965
33,162 -3,885 -3,451
33,187 -4,307 -3,912
33,212 -4,684 -4,301
33,237 -5,017 -4,690
33,262 -5,284 -5,006
33,287 -5,528 -5,273
33,312 -5,683 -5,516
33,337 -5,816 -5,686
33,362 -5,816 -5,808
33,387 -5,839 -5,881
33,412 -5,794 -5,905
33,437 -5,683 -5,881
33,462 -5,483 -5,759
33,487 -5,261 -5,638
33,512 -4,973 -5,443
33,537 -4,640 -5,224
33,562 -4,240 -4,909
33,587 -3,818 -4,568
33,612 -3,352 -4,204
33,637 -2,864 -3,791
33,663 -2,309 -3,329
33,688 -1,709 -2,819
33,714 -1,154 -2,308
33,739 -0,555 -1,774
33,764 0,067 -1,215
33,789 0,733 -0,656
33,814 1,310 -0,097
33,839 1,887 0,486
33,865 2,486 1,045
33,890 3,086 1,628
33,915 3,619 2,163
33,940 4,129 2,697
33,965 4,595 3,183
33,990 5,039 3,645
34,016 5,417 4,058
34,042 5,816 4,471
34,067 6,105 4,811
34,092 6,349 5,127
34,117 6,527 5,370
34,142 6,660 5,589
34,167 6,704 5,735
34,192 6,727 5,832
34,217 6,660 5,856
34,242 6,571 5,881
34,267 6,394 5,808
34,292 6,172 5,710
34,317 5,883 5,516
34,342 5,572 5,297
34,367 5,195 5,054
34,392 4,795 4,714
34,417 4,307 4,350
34,442 3,863 3,961
34,467 3,308 3,499
34,492 2,797 3,062
34,517 2,198 2,503
34,542 1,621 1,968
34,568 0,999 1,434
34,594 0,377 0,850
34,619 -0,244 0,243
34,644 -0,844 -0,364
34,669 -1,399 -0,923
34,694 -1,976 -1,507
34,719 -2,509 -2,017
34,744 -3,019 -2,576
34,769 -3,485 -3,086
34,795 -3,929 -3,596
34,820 -4,285 -4,034
34,846 -4,662 -4,471
34,871 -4,973 -4,836
34,896 -5,217 -5,200
34,921 -5,372 -5,492
34,946 -5,528 -5,710
34,972 -5,594 -5,881
34,997 -5,639 -6,026
35,022 -5,617 -6,099
35,047 -5,506 -6,099
35,072 -5,372 -6,051
35,097 -5,150 -5,978
35,123 -4,884 -5,808
35,149 -4,595 -5,613
35,174 -4,218 -5,322
35,199 -3,818 -5,006
35,224 -3,374 -4,641
35,249 -2,908 -4,228
35,275 -2,420 -3,791
35,300 -1,843 -3,280
35,325 -1,332 -2,770
35,350 -0,733 -2,211
35,375 -0,155 -1,677
35,400 0,466 -1,093
35,425 1,021 -0,535
35,450 1,598 0,073
35,475 2,176 0,680
35,500 2,731 1,288
35,525 3,241 1,847
35,550 3,796 2,406
35,575 4,262 2,916
35,600 4,684 3,451
35,625 5,039 3,888
35,652 5,417 4,350
35,677 5,728 4,739
35,702 6,038 5,103
35,727 6,216 5,370
35,752 6,371 5,638
35,777 6,438 5,832
35,802 6,505 5,978
35,827 6,460 6,051
35,852 6,394 6,099
35,877 6,238 6,051
35,902 6,083 5,978
35,927 5,794 5,832
35,952 5,528 5,686
35,977 5,173 5,419
36,002 4,840 5,127
36,028 4,418 4,787
36,053 3,952 4,374
36,078 3,441 3,912
36,103 2,930 3,451
36,128 2,420 2,940
36,153 1,865 2,430
36,179 1,288 1,847
36,205 0,688 1,264
36,230 0,111 0,656
36,255 -0,466 0,024
36,281 -1,021 -0,559
36,306 -1,598 -1,166
36,331 -2,131 -1,774
36,356 -2,642 -2,357
36,381 -3,086 -2,892
36,406 -3,530 -3,451
36,431 -3,907 -3,937
36,456 -4,285 -4,398
36,481 -4,573 -4,787
36,507 -4,840 -5,176
36,532 -5,039 -5,492
36,557 -5,239 -5,783
36,582 -5,328 -5,978
36,607 -5,372 -6,172
36,632 -5,350 -6,269
36,657 -5,328 -6,342
36,682 -5,173 -6,294
36,707 -5,062 -6,245
36,732 -4,840 -6,099
36,757 -4,595 -5,954
36,782 -4,285 -5,662
36,807 -3,929 -5,395
36,832 -3,530 -5,054
36,857 -3,130 -4,641
36,882 -2,620 -4,180
36,907 -2,153 -3,742
36,932 -1,621 -3,232
36,958 -1,088 -2,697
36,983 -0,555 -2,114
37,008 0,044 -1,531
37,034 0,622 -0,923
37,059 1,132 -0,292
37,084 1,709 0,316
37,109 2,242 0,948
37,134 2,775 1,531
37,159 3,263 2,163
37,184 3,752 2,697
37,209 4,174 3,232
37,234 4,573 3,742
37,260 4,951 4,204
37,285 5,284 4,641
37,310 5,572 5,030
37,335 5,839 5,395
37,360 6,016 5,662
37,385 6,127 5,905
37,412 6,216 6,099
37,437 6,238 6,221
37,462 6,216 6,294
37,487 6,105 6,294
37,512 5,972 6,245
37,537 5,772 6,124
37,564 5,528 5,954
37,589 5,217 5,710
37,614 4,884 5,419
37,639 4,507 5,079
37,664 4,085 4,690
37,689 3,641 4,277
37,714 3,175 3,791
37,739 2,686 3,280
37,764 2,131 2,746
37,789 1,621 2,187
37,814 1,088 1,604
37,839 0,555 0,996
37,864 0,000 0,364
37,889 -0,555 -0,292
37,914 -1,066 -0,899
37,939 -1,598 -1,507
37,964 -2,087 -2,090
37,989 -2,575 -2,697
38,014 -2,975 -3,232
38,039 -3,374 -3,766
38,065 -3,796 -4,277
38,090 -4,107 -4,714
38,115 -4,418 -5,152
38,140 -4,662 -5,492
38,166 -4,840 -5,808
38,192 -4,995 -6,051
38,217 -5,106 -6,294
38,242 -5,128 -6,415
38,267 -5,128 -6,512
38,293 -5,039 -6,488
38,318 -4,928 -6,439
38,343 -4,773 -6,342
38,368 -4,551 -6,196
38,394 -4,307 -5,954
38,419 -4,018 -5,662
38,444 -3,641 -5,322
38,469 -3,263 -4,933
38,495 -2,819 -4,495
38,520 -2,398 -4,010
38,546 -1,931 -3,499
38,571 -1,399 -2,916
38,596 -0,866 -2,357
38,621 -0,333 -1,701
38,646 0,200 -1,142
38,671 0,733 -0,510
38,696 1,243 0,121
38,721 1,776 0,778
38,746 2,309 1,409
38,772 2,819 2,041
38,797 3,263 2,600
38,822 3,730 3,183
38,847 4,129 3,694
38,872 4,551 4,204
38,897 4,862 4,641
38,922 5,173 5,079
38,947 5,417 5,419
38,972 5,661 5,759
38,997 5,816 6,002
39,022 5,950 6,221
39,047 5,972 6,318
39,072 6,016 6,415
39,097 5,950 6,439
39,122 5,905 6,439
39,147 5,728 6,318
39,172 5,550 6,148
39,197 5,284 5,954
39,222 5,062 5,686
39,247 4,729 5,346
39,272 4,351 5,006
39,297 3,952 4,568
39,322 3,552 4,107
39,347 3,086 3,572
39,372 2,620 3,062
39,397 2,109 2,479
39,422 1,621 1,895
39,447 1,088 1,264
39,472 0,577 0,656
39,497 0,044 0,000
39,522 -0,488 -0,632
39,547 -1,021 -1,264
39,572 -1,487 -1,871
39,597 -1,976 -2,503
39,622 -2,442 -3,062
39,647 -2,864 -3,645
39,672 -3,263 -4,131
39,697 -3,619 -4,641
39,722 -3,929 -5,054
39,748 -4,240 -5,443
39,774 -4,462 -5,783
39,800 -4,684 -6,124
39,825 -4,840 -6,342
39,850 -4,928 -6,512
39,875 -4,951 -6,561
39,900 -4,951 -6,610
39,925 -4,906 -6,610
39,950 -4,773 -6,537
39,975 -4,640 -6,342
40,001 -4,462 -6,172
40,026 -4,218 -5,881
40,051 -3,907 -5,540
40,076 -3,574 -5,200
40,101 -3,197 -4,739
40,126 -2,819 -4,277
40,152 -2,375 -3,766
40,177 -1,931 -3,208
40,202 -1,421 -2,624
40,227 -0,955 -2,041
40,253 -0,422 -1,434
40,278 0,089 -0,778
40,304 0,644 -0,097
40,330 1,177 0,535
40,355 1,687 1,191
40,380 2,198 1,774
40,405 2,708 2,406
40,430 3,130 2,989
40,455 3,574 3,548
40,480 3,996 4,034
40,505 4,373 4,520
40,530 4,729 4,957
40,555 5,017 5,346
40,580 5,261 5,686
40,606 5,483 5,954
40,632 5,683 6,221
40,657 5,794 6,342
40,682 5,861 6,464
40,707 5,883 6,488
40,732 5,883 6,464
40,757 5,772 6,367
40,782 5,639 6,269
40,807 5,439 6,051
40,832 5,239 5,808
40,857 4,973 5,467
40,882 4,662 5,127
40,907 4,307 4,714
40,932 3,929 4,277
40,957 3,508 3,742
40,982 3,108 3,232
41,007 2,620 2,649
41,032 2,153 2,065
41,057 1,621 1,434
41,082 1,132 0,850
41,107 0,599 0,170
41,132 0,089 -0,462
41,157 -0,422 -1,118
41,182 -0,932 -1,725
41,207 -1,421 -2,333
41,232 -1,887 -2,916
41,257 -2,353 -3,499
41,282 -2,753 -4,010
41,307 -3,197 -4,520
41,332 -3,552 -4,933
41,357 -3,885 -5,370
41,384 -4,151 -5,686
41,409 -4,418 -6,051
41,434 -4,618 -6,269
41,459 -4,751 -6,439
41,484 -4,840 -6,537
41,509 -4,906 -6,634
41,534 -4,884 -6,610
41,559 -4,862 -6,561
41,584 -4,751 -6,415
41,609 -4,618 -6,245
41,634 -4,440 -5,978
41,660 -4,218 -5,686
41,685 -3,907 -5,297
41,710 -3,596 -4,909
41,735 -3,219 -4,423
41,760 -2,886 -3,961
41,785 -2,442 -3,402
41,810 -1,998 -2,867
41,835 -1,465 -2,260
41,860 -0,999 -1,677
41,885 -0,511 -1,021
41,910 0,000 -0,389
41,935 0,533 0,243
41,960 1,021 0,875
41,985 1,532 1,507
42,011 2,042 2,114
42,036 2,553 2,746
42,061 3,019 3,305
42,086 3,463 3,815
42,111 3,863 4,301
42,137 4,285 4,787
42,162 4,640 5,176
42,187 4,928 5,492
42,212 5,217 5,808
42,237 5,417 6,051
42,262 5,639 6,245
42,287 5,772 6,367
42,313 5,883 6,464
42,338 5,883 6,464
42,363 5,905 6,391
42,388 5,816 6,269
42,413 5,683 6,124
42,438 5,506 5,856
42,463 5,328 5,589
42,488 5,062 5,249
42,513 4,773 4,860
42,538 4,396 4,398
42,563 4,040 3,961
42,588 3,663 3,426
42,613 3,219 2,867
42,638 2,731 2,284
42,663 2,242 1,701
42,689 1,754 1,093
42,714 1,243 0,462
42,739 0,710 -0,219
42,764 0,222 -0,826
42,790 -0,355 -1,482
42,815 -0,844 -2,090
42,840 -1,332 -2,697
42,865 -1,820 -3,232
42,890 -2,331 -3,791
42,916 -2,731 -4,277
42,942 -3,175 -4,763
42,967 -3,552 -5,176
42,992 -3,885 -5,540
43,017 -4,196 -5,881
43,042 -4,440 -6,124
43,067 -4,640 -6,294
43,092 -4,773 -6,439
43,117 -4,906 -6,512
43,143 -4,973 -6,512
43,168 -4,995 -6,488
43,193 -4,928 -6,367
43,218 -4,862 -6,196
43,243 -4,684 -5,978
43,268 -4,529 -5,710
43,293 -4,285 -5,346
43,319 -4,018 -4,981
43,344 -3,685 -4,520
43,369 -3,352 -4,058
43,395 -2,930 -3,523
43,420 -2,509 -2,989
43,445 -2,042 -2,381
43,470 -1,554 -1,798
43,495 -1,043 -1,191
43,520 -0,555 -0,583
43,545 0,000 0,049
43,570 0,488 0,680
43,595 1,043 1,312
43,620 1,510 1,920
43,645 2,065 2,503
43,670 2,553 3,013
43,695 3,041 3,572
43,720 3,485 4,058
43,745 3,929 4,544
43,770 4,307 4,909
43,795 4,706 5,297
43,820 4,995 5,589
43,845 5,306 5,856
43,870 5,528 6,051
43,896 5,750 6,221
43,921 5,883 6,269
43,946 5,994 6,318
43,971 6,016 6,245
43,996 5,994 6,172
44,022 5,927 6,026
44,047 5,794 5,832
44,072 5,639 5,540
44,097 5,439 5,249
44,122 5,173 4,884
44,147 4,862 4,471
44,172 4,507 4,034
44,197 4,129 3,523
44,222 3,707 2,989
44,247 3,286 2,430
44,272 2,797 1,871
44,297 2,309 1,288
44,324 1,776 0,656
44,349 1,243 0,024
44,374 0,733 -0,583
44,399 0,178 -1,215
44,424 -0,333 -1,798
44,449 -0,888 -2,381
44,474 -1,399 -2,916
44,499 -1,931 -3,499
44,524 -2,375 -3,961
44,549 -2,842 -4,423
44,574 -3,263 -4,811
44,599 -3,641 -5,224
44,624 -3,996 -5,540
44,649 -4,307 -5,832
44,674 -4,529 -6,026
44,699 -4,751 -6,172
44,724 -4,928 -6,269
44,749 -5,062 -6,342
44,774 -5,106 -6,294
44,799 -5,150 -6,245
44,824 -5,084 -6,099
44,849 -5,017 -5,929
44,874 -4,906 -5,662
44,899 -4,684 -5,370
44,924 -4,440 -4,981
44,949 -4,196 -4,617
44,974 -3,841 -4,180
44,999 -3,508 -3,718
45,024 -3,086 -3,183
45,049 -2,664 -2,673
45,074 -2,176 -2,114
45,099 -1,665 -1,531
45,124 -1,154 -0,923
45,149 -0,666 -0,340
45,174 -0,111 0,267
45,199 0,422 0,875
45,224 0,999 1,482
45,249 1,510 2,041
45,274 2,065 2,600
45,299 2,575 3,110
45,324 3,086 3,645
45,349 3,530 4,058
45,374 3,996 4,520
45,400 4,418 4,884
45,426 4,840 5,224
45,451 5,173 5,516
45,476 5,483 5,759
45,501 5,705 5,905
45,526 5,927 6,026
45,551 6,038 6,075
45,577 6,149 6,099
45,602 6,194 6,051
45,628 6,216 5,954
45,654 6,127 5,759
45,679 5,994 5,492
45,704 5,816 5,249
45,729 5,594 4,909
45,754 5,350 4,568
45,779 5,017 4,131
45,804 4,662 3,694
45,829 4,240 3,183
45,854 3,818 2,673
45,879 3,330 2,138
45,904 2,864 1,579
45,930 2,353 0,996
45,955 1,820 0,389
45,980 1,243 -0,219
46,005 0,688 -0,778
46,030 0,089 -1,409
46,055 -0,444 -1,944
46,080 -0,977 -2,503
46,105 -1,465 -2,989
46,130 -2,042 -3,523
46,155 -2,531 -3,985
46,180 -2,997 -4,398
46,205 -3,441 -4,787
46,231 -3,818 -5,103
46,256 -4,174 -5,395
46,281 -4,507 -5,686
46,306 -4,773 -5,832
46,331 -4,995 -6,002
46,356 -5,150 -6,075
46,382 -5,284 -6,099
46,407 -5,306 -6,051
46,432 -5,328 -5,978
46,457 -5,261 -5,783
46,482 -5,173 -5,589
46,507 -5,017 -5,322
46,532 -4,840 -5,030
46,557 -4,573 -4,666
46,582 -4,285 -4,277
46,607 -3,929 -3,839
46,632 -3,574 -3,378
46,657 -3,108 -2,843
46,682 -2,664 -2,357
46,707 -2,176 -1,823
46,732 -1,643 -1,264
46,758 -1,110 -0,680
46,783 -0,533 -0,073
46,808 0,022 0,510
46,834 0,577 1,069
46,860 1,177 1,628
46,885 1,798 2,236
46,911 2,331 2,746
46,936 2,886 3,256
46,961 3,374 3,694
46,987 3,863 4,131
47,012 4,329 4,495
47,038 4,751 4,836
47,063 5,128 5,127
47,089 5,483 5,370
47,115 5,794 5,613
47,140 6,016 5,710
47,165 6,216 5,832
47,190 6,305 5,856
47,215 6,394 5,808
47,240 6,394 5,710
47,265 6,394 5,613
47,290 6,260 5,419
47,315 6,149 5,200
47,340 5,927 4,884
47,365 5,661 4,568
47,390 5,350 4,155
47,416 5,017 3,791
47,441 4,618 3,329
47,467 4,174 2,867
47,492 3,641 2,333
47,517 3,197 1,798
47,542 2,642 1,239
47,567 2,109 0,680
47,592 1,532 0,097
47,617 0,999 -0,462
47,642 0,400 -1,021
47,667 -0,178 -1,531
47,692 -0,777 -2,090
47,717 -1,310 -2,600
47,742 -1,865 -3,086
47,767 -2,398 -3,548
47,792 -2,886 -3,961
47,817 -3,330 -4,374
47,842 -3,796 -4,739
47,867 -4,151 -5,006
47,892 -4,529 -5,273
47,917 -4,817 -5,492
47,944 -5,039 -5,662
47,969 -5,261 -5,759
47,994 -5,417 -5,808
48,019 -5,506 -5,832
48,044 -5,528 -5,759
48,069 -5,528 -5,662
48,094 -5,439 -5,467
48,119 -5,306 -5,273
48,144 -5,106 -5,006
48,169 -4,884 -4,714
48,194 -4,595 -4,350
48,219 -4,240 -3,961
48,244 -3,863 -3,548
48,269 -3,441 -3,086
48,294 -2,975 -2,600
48,319 -2,464 -2,090
48,344 -1,931 -1,555
48,369 -1,399 -1,021
48,394 -0,799 -0,462
48,419 -0,244 0,073
48,444 0,355 0,656
48,469 0,932 1,191
48,494 1,510 1,701
48,519 2,109 2,187
48,545 2,686 2,697
48,570 3,197 3,159
48,595 3,730 3,621
48,620 4,218 3,985
48,645 4,662 4,374
48,670 5,062 4,666
48,695 5,461 4,957
48,720 5,794 5,176
48,745 6,083 5,370
48,770 6,260 5,492
48,795 6,416 5,589
48,820 6,527 5,613
48,845 6,616 5,589
48,870 6,593 5,492
48,895 6,527 5,370
48,920 6,394 5,200
48,945 6,238 4,981
48,970 5,994 4,666
48,995 5,728 4,374
49,020 5,372 4,034
49,045 5,017 3,645
49,070 4,573 3,208
49,095 4,107 2,770
49,120 3,619 2,284
49,145 3,086 1,774
49,170 2,509 1,264
49,195 1,976 0,729
49,220 1,399 0,170
49,245 0,799 -0,364
49,270 0,200 -0,923
49,295 -0,400 -1,409
49,321 -0,977 -1,944
49,346 -1,554 -2,454
49,371 -2,153 -2,940
49,396 -2,686 -3,353
49,421 -3,175 -3,791
49,446 -3,619 -4,155
49,472 -4,040 -4,520
49,497 -4,418 -4,811
49,522 -4,795 -5,079
49,547 -5,039 -5,249
49,572 -5,284 -5,419
49,597 -5,483 -5,540
49,622 -5,594 -5,589
49,647 -5,683 -5,565
49,672 -5,705 -5,540
49,697 -5,639 -5,419
49,722 -5,550 -5,297
49,747 -5,350 -5,103
49,772 -5,173 -4,884
49,797 -4,862 -4,593
49,822 -4,573 -4,277
49,847 -4,196 -3,888
49,872 -3,818 -3,499
49,897 -3,352 -3,037
49,922 -2,864 -2,624
49,947 -2,331 -2,114
49,972 -1,798 -1,628
49,997 -1,221 -1,093
50,022 -0,644 -0,607
50,047 -0,044 -0,049
50,072 0,533 0,486
50,097 1,177 1,045
50,122 1,754 1,531
50,147 2,375 2,041
50,172 2,930 2,479
50,197 3,485 2,965
50,222 3,974 3,353
50,247 4,462 3,766
50,272 4,884 4,131
50,297 5,306 4,471
50,322 5,661 4,714
50,347 5,994 4,981
50,372 6,238 5,152
50,397 6,460 5,297
50,422 6,593 5,370
50,447 6,704 5,419
50,472 6,682 5,395
50,497 6,704 5,346
50,522 6,571 5,224
50,547 6,438 5,103
50,572 6,238 4,884
50,597 5,994 4,666
50,622 5,661 4,350
50,647 5,306 4,034
50,672 4,928 3,669
50,697 4,507 3,280
50,722 3,996 2,819
50,748 3,485 2,381
50,774 2,886 1,895
50,799 2,331 1,385
50,824 1,709 0,826
50,850 1,154 0,340
50,875 0,511 -0,194
50,900 -0,089 -0,753
50,925 -0,688 -1,264
50,950 -1,265 -1,798
50,975 -1,887 -2,260
51,000 -2,420 -2,697
51,025 -2,953 -3,159
51,050 -3,441 -3,596
51,075 -3,885 -3,985
51,100 -4,285 -4,325
51,125 -4,662 -4,617
51,150 -4,973 -4,884
51,176 -5,239 -5,079
51,201 -5,461 -5,249
51,226 -5,594 -5,346
51,251 -5,728 -5,467
51,276 -5,728 -5,467
51,302 -5,728 -5,467
51,328 -5,639 -5,370
51,353 -5,506 -5,224
51,378 -5,284 -5,030
51,403 -5,062 -4,860
51,428 -4,773 -4,544
51,454 -4,440 -4,277
51,479 -4,018 -3,888
51,504 -3,552 -3,523
51,529 -3,064 -3,086
51,554 -2,575 -2,649
51,579 -2,020 -2,138
51,604 -1,465 -1,677
51,629 -0,866 -1,166
51,654 -0,289 -0,680
51,679 0,333 -0,146
51,704 0,932 0,340
51,729 1,554 0,899
51,754 2,131 1,385
51,779 2,686 1,920
51,804 3,241 2,357
51,829 3,796 2,819
51,854 4,307 3,256
51,879 4,751 3,645
51,904 5,150 4,010
51,929 5,528 4,325
51,954 5,861 4,593
51,979 6,172 4,860
52,004 6,371 5,054
52,030 6,549 5,224
52,055 6,638 5,297
52,080 6,727 5,346
52,105 6,704 5,346
52,130 6,616 5,297
52,155 6,505 5,200
52,180 6,327 5,079
52,205 6,083 4,884
52,230 5,772 4,641
52,255 5,439 4,374
52,280 5,062 4,058
52,305 4,640 3,694
52,330 4,174 3,305
52,355 3,619 2,867
52,380 3,152 2,479
52,405 2,553 1,968
52,430 1,998 1,482
52,455 1,376 0,972
52,480 0,799 0,437
52,505 0,178 -0,097
52,530 -0,422 -0,607
52,555 -1,021 -1,118
52,580 -1,621 -1,628
52,605 -2,176 -2,114
52,630 -2,686 -2,576
52,655 -3,197 -3,013
52,680 -3,663 -3,451
52,705 -4,085 -3,839
52,730 -4,462 -4,180
52,755 -4,817 -4,520
52,780 -5,084 -4,787
52,805 -5,306 -5,006
52,830 -5,483 -5,200
52,855 -5,639 -5,346
52,880 -5,705 -5,419
52,905 -5,728 -5,492
52,930 -5,683 -5,467
52,955 -5,572 -5,419
52,980 -5,395 -5,322
53,005 -5,173 -5,152
53,030 -4,884 -4,933
53,055 -4,573 -4,714
53,080 -4,196 -4,398
53,105 -3,841 -4,082
53,130 -3,352 -3,694
53,155 -2,886 -3,280
53,180 -2,353 -2,867
53,205 -1,798 -2,381
53,230 -1,221 -1,920
53,255 -0,666 -1,409
53,280 -0,044 -0,923
53,305 0,555 -0,389
53,330 1,177 0,146
53,355 1,732 0,656
53,380 2,309 1,191
53,405 2,864 1,701
53,430 3,419 2,187
53,455 3,907 2,649
53,480 4,396 3,086
53,505 4,840 3,499
53,530 5,261 3,888
53,555 5,617 4,228
53,580 5,927 4,520
53,605 6,172 4,787
53,630 6,371 5,006
53,655 6,482 5,176
53,680 6,593 5,322
53,705 6,616 5,395
53,730 6,616 5,419
53,755 6,505 5,395
53,780 6,371 5,322
53,805 6,149 5,200
53,830 5,927 5,079
53,855 5,617 4,811
53,880 5,261 4,568
53,905 4,862 4,252
53,930 4,440 3,912
53,955 3,952 3,548
53,980 3,441 3,135
54,005 2,886 2,673
54,030 2,353 2,211
54,055 1,754 1,725
54,080 1,199 1,239
54,105 0,577 0,680
54,130 0,000 0,170
54,155 -0,599 -0,389
54,180 -1,154 -0,875
54,205 -1,732 -1,409
54,230 -2,264 -1,920
54,255 -2,775 -2,406
54,280 -3,263 -2,867
54,305 -3,730 -3,329
54,330 -4,107 -3,742
54,355 -4,462 -4,131
54,380 -4,773 -4,447
54,405 -5,084 -4,787
54,430 -5,261 -5,006
54,455 -5,417 -5,249
54,480 -5,506 -5,395
54,505 -5,572 -5,540
54,530 -5,550 -5,565
54,555 -5,506 -5,589
54,580 -5,350 -5,540
54,606 -5,195 -5,467
54,631 -4,973 -5,322
54,656 -4,684 -5,127
54,681 -4,373 -4,909
54,706 -3,996 -4,593
54,732 -3,596 -4,277
54,757 -3,086 -3,888
54,782 -2,620 -3,475
54,807 -2,109 -3,062
54,832 -1,554 -2,600
54,857 -0,999 -2,090
54,882 -0,444 -1,604
54,907 0,178 -1,069
54,932 0,755 -0,535
54,959 1,310 0,000
54,984 1,909 0,559
55,009 2,509 1,118
55,034 3,041 1,628
55,059 3,552 2,138
55,084 4,018 2,624
55,109 4,484 3,110
55,134 4,884 3,499
55,159 5,284 3,937
55,184 5,572 4,301
55,209 5,861 4,617
55,234 6,061 4,884
55,259 6,260 5,127
55,284 6,349 5,322
55,309 6,438 5,467
55,334 6,438 5,540
55,359 6,394 5,589
55,384 6,283 5,565
55,410 6,127 5,540
55,435 5,883 5,370
55,460 5,617 5,224
55,485 5,284 5,006
55,510 4,951 4,739
55,535 4,551 4,423
55,560 4,085 4,082
55,585 3,641 3,718
55,610 3,130 3,305
55,635 2,620 2,819
55,660 2,042 2,333
55,685 1,465 1,798
55,710 0,932 1,312
55,735 0,377 0,753
55,760 -0,200 0,243
55,785 -0,777 -0,340
55,810 -1,310 -0,850
55,835 -1,887 -1,434
55,860 -2,375 -1,944
55,885 -2,864 -2,479
55,910 -3,286 -2,940
55,935 -3,730 -3,426
55,960 -4,085 -3,839
55,985 -4,418 -4,252
56,010 -4,684 -4,593
56,035 -4,928 -4,909
56,060 -5,106 -5,176
56,085 -5,261 -5,395
56,110 -5,328 -5,540
56,135 -5,350 -5,686
56,160 -5,328 -5,759
56,185 -5,239 -5,783
56,210 -5,084 -5,735
56,235 -4,928 -5,662
56,260 -4,684 -5,492
56,285 -4,418 -5,322
56,310 -4,063 -5,054
56,335 -3,685 -4,787
56,360 -3,286 -4,423
56,385 -2,842 -4,082
56,410 -2,353 -3,645
56,435 -1,843 -3,183
56,460 -1,288 -2,697
56,485 -0,777 -2,211
56,510 -0,222 -1,652
56,535 0,333 -1,166
56,560 0,888 -0,583
56,585 1,421 -0,024
56,610 1,998 0,535
56,635 2,509 1,069
56,660 3,064 1,628
56,685 3,485 2,163
56,710 3,974 2,673
56,735 4,396 3,159
56,760 4,795 3,645
56,785 5,128 4,034
56,810 5,439 4,423
56,835 5,661 4,763
56,860 5,905 5,054
56,885 6,038 5,273
56,910 6,172 5,492
56,935 6,194 5,638
56,960 6,216 5,735
56,985 6,149 5,783
57,010 6,061 5,808
57,035 5,861 5,710
57,060 5,661 5,613
57,085 5,395 5,419
57,110 5,106 5,224
57,135 4,751 4,933
57,160 4,373 4,617
57,185 3,929 4,277
57,210 3,463 3,888
57,235 2,975 3,426
57,260 2,486 2,989
57,285 1,954 2,454
57,311 1,443 1,944
57,336 0,844 1,361
57,361 0,289 0,802
57,386 -0,266 0,194
57,411 -0,777 -0,340
57,437 -1,332 -0,899
57,462 -1,865 -1,507
57,487 -2,331 -2,017
57,512 -2,819 -2,576
57,537 -3,219 -3,086
57,562 -3,596 -3,572
57,588 -3,929 -4,010
57,613 -4,285 -4,423
57,638 -4,507 -4,787
57,663 -4,751 -5,152
57,689 -4,884 -5,395
57,714 -5,017 -5,638
57,739 -5,106 -5,808
57,764 -5,150 -5,929
57,789 -5,062 -5,978
57,814 -4,995 -6,002
57,839 -4,840 -5,929
57,864 -4,662 -5,856
57,889 -4,418 -5,686
57,915 -4,151 -5,492
57,940 -3,796 -5,176
57,965 -3,441 -4,884
57,990 -3,041 -4,520
58,015 -2,620 -4,131
58,041 -2,153 -3,669
58,067 -1,665 -3,208
58,092 -1,132 -2,673
58,117 -0,599 -2,138
58,142 -0,089 -1,604
58,167 0,444 -1,045
58,192 0,999 -0,462
58,217 1,510 0,121
58,242 2,042 0,729
58,267 2,553 1,312
58,292 3,041 1,847
58,317 3,485 2,406
58,342 3,907 2,916
58,367 4,285 3,402
58,392 4,662 3,864
58,417 5,017 4,301
58,442 5,261 4,666
58,467 5,461 5,006
58,492 5,661 5,297
58,517 5,816 5,540
58,542 5,927 5,710
58,567 5,950 5,856
58,592 5,927 5,954
58,617 5,861 6,002
58,642 5,750 5,929
58,667 5,572 5,856
58,692 5,372 5,710
58,717 5,106 5,540
58,742 4,795 5,273
58,767 4,484 4,981
58,792 4,107 4,641
58,817 3,685 4,228
58,842 3,241 3,815
58,867 2,797 3,353
58,892 2,309 2,843
58,917 1,798 2,308
58,942 1,288 1,774
58,967 0,799 1,239
58,994 0,244 0,607
59,019 -0,266 0,000
59,044 -0,821 -0,632
59,069 -1,310 -1,166
59,095 -1,820 -1,774
59,121 -2,242 -2,333
59,147 -2,708 -2,916
59,172 -3,130 -3,451
59,197 -3,508 -3,912
59,222 -3,818 -4,350
59,247 -4,107 -4,763
59,272 -4,351 -5,103
59,297 -4,573 -5,419
59,322 -4,706 -5,686
59,347 -4,817 -5,905
59,372 -4,862 -6,051
59,397 -4,884 -6,148
59,422 -4,840 -6,196
59,447 -4,751 -6,172
59,472 -4,595 -6,099
59,497 -4,418 -5,978
59,522 -4,196 -5,783
59,547 -3,929 -5,516
59,573 -3,596 -5,224
59,598 -3,241 -4,860
59,624 -2,864 -4,471
59,649 -2,420 -4,010
59,674 -1,976 -3,523
59,699 -1,487 -2,989
59,724 -1,043 -2,479
59,749 -0,511 -1,920
59,774 -0,022 -1,385
59,799 0,511 -0,753
59,824 1,021 -0,170
59,849 1,510 0,437
59,875 1,998 1,021
59,900 2,486 1,628
59,925 2,953 2,211
59,950 3,374 2,770
59,975 3,774 3,256
60,000 4,196 3,742
60,025 4,507 4,204
60,050 4,840 4,641
60,075 5,084 4,981
60,100 5,306 5,322
60,127 5,439 5,589
60,152 5,617 5,808
60,177 5,705 5,978
60,202 5,750 6,099
60,227 5,705 6,099
60,252 5,661 6,099
60,277 5,550 6,051
60,302 5,372 5,905
60,327 5,173 5,735
60,352 4,928 5,492
60,377 4,618 5,200
60,402 4,262 4,884
60,427 3,929 4,495
60,452 3,530 4,082
60,477 3,108 3,596
60,502 2,686 3,110
60,527 2,220 2,576
60,552 1,754 2,017
60,577 1,243 1,434
60,604 0,755 0,850
60,629 0,222 0,219
60,654 -0,289 -0,389
60,679 -0,755 -0,996
60,704 -1,288 -1,604
60,729 -1,732 -2,163
60,754 -2,198 -2,746
60,779 -2,575 -3,256
60,805 -2,997 -3,791
60,830 -3,330 -4,252
60,855 -3,685 -4,690
60,880 -3,952 -5,054
60,905 -4,218 -5,395
60,930 -4,396 -5,686
60,955 -4,551 -5,929
60,980 -4,618 -6,099
61,005 -4,706 -6,221
61,030 -4,706 -6,269
61,055 -4,684 -6,294
61,080 -4,573 -6,245
61,105 -4,462 -6,124
61,130 -4,285 -5,905
61,155 -4,063 -5,710
61,180 -3,818 -5,443
61,205 -3,530 -5,103
61,230 -3,175 -4,690
61,255 -2,842 -4,277
61,280 -2,398 -3,815
61,306 -1,998 -3,329
61,331 -1,532 -2,794
61,356 -1,066 -2,236
61,381 -0,577 -1,628
61,406 -0,089 -1,069
61,431 0,422 -0,413
61,456 0,910 0,170
61,482 1,399 0,826
61,507 1,887 1,409
61,532 2,353 1,993
61,557 2,819 2,551
61,582 3,241 3,110
61,607 3,641 3,596
61,632 4,018 4,082
61,657 4,351 4,495
61,683 4,684 4,909
61,708 4,928 5,224
61,734 5,150 5,516
61,759 5,350 5,783
61,784 5,483 5,954
61,809 5,594 6,099
61,834 5,594 6,148
61,860 5,594 6,172
61,885 5,528 6,124
61,910 5,461 6,051
61,935 5,284 5,856
61,960 5,106 5,662
61,985 4,840 5,370
62,010 4,618 5,079
62,035 4,285 4,666
62,060 3,929 4,277
62,085 3,530 3,815
62,110 3,152 3,329
62,135 2,686 2,794
62,160 2,264 2,260
62,185 1,776 1,677
62,210 1,310 1,093
62,235 0,799 0,462
62,260 0,311 -0,121
62,285 -0,178 -0,778
62,310 -0,622 -1,337
62,336 -1,132 -1,920
62,363 -1,598 -2,527
62,389 -2,087 -3,110
62,415 -2,531 -3,645
62,440 -2,908 -4,107
62,465 -3,286 -4,593
62,490 -3,552 -4,981
62,515 -3,863 -5,346
62,540 -4,085 -5,638
62,565 -4,307 -5,905
62,590 -4,440 -6,051
62,615 -4,573 -6,196
62,640 -4,595 -6,269
62,665 -4,640 -6,318
62,690 -4,618 -6,269
62,715 -4,529 -6,172
62,741 -4,396 -5,978
62,766 -4,240 -5,783
62,791 -4,018 -5,492
62,816 -3,796 -5,200
62,842 -3,463 -4,787
62,867 -3,152 -4,398
62,892 -2,797 -3,912
62,917 -2,398 -3,426
62,943 -1,976 -2,892
62,968 -1,510 -2,308
62,993 -1,043 -1,750
63,018 -0,577 -1,166
63,043 -0,089 -0,559
63,068 0,400 0,049
63,093 0,888 0,680
63,118 1,376 1,264
63,143 1,843 1,823
63,169 2,309 2,430
63,194 2,753 2,965
63,219 3,219 3,499
63,244 3,619 3,961
63,269 4,018 4,398
63,294 4,351 4,787
63,319 4,662 5,152
63,344 4,906 5,443
63,369 5,173 5,735
63,394 5,306 5,881
63,419 5,461 6,026
63,444 5,550 6,099
63,469 5,617 6,148
63,494 5,594 6,124
63,519 5,550 6,051
63,544 5,439 5,881
63,569 5,306 5,686
63,594 5,128 5,419
63,619 4,928 5,127
63,644 4,618 4,763
63,669 4,307 4,374
63,694 3,974 3,912
63,719 3,596 3,451
63,745 3,197 2,940
63,770 2,775 2,381
63,795 2,309 1,823
63,820 1,843 1,264
63,845 1,376 0,656
63,870 0,866 0,049
63,895 0,355 -0,583
63,920 -0,111 -1,142
63,945 -0,599 -1,750
63,970 -1,088 -2,284
63,995 -1,554 -2,867
64,020 -1,998 -3,378
64,045 -2,442 -3,864
64,070 -2,819 -4,301
64,095 -3,197 -4,763
64,120 -3,508 -5,103
64,145 -3,818 -5,443
64,170 -4,063 -5,686
64,195 -4,285 -5,929
64,220 -4,440 -6,026
64,245 -4,551 -6,172
64,272 -4,640 -6,196
64,297 -4,706 -6,196
64,322 -4,662 -6,099
64,347 -4,618 -5,978
64,372 -4,462 -5,759
64,397 -4,329 -5,540
64,422 -4,129 -5,224
64,447 -3,885 -4,884
64,472 -3,596 -4,471
64,497 -3,286 -4,082
64,522 -2,908 -3,572
64,547 -2,553 -3,086
64,572 -2,087 -2,551
64,597 -1,665 -2,017
64,623 -1,199 -1,434
64,648 -0,733 -0,850
64,673 -0,222 -0,219
64,698 0,266 0,364
64,723 0,777 0,948
64,749 1,265 1,507
64,774 1,776 2,090
64,799 2,264 2,697
64,824 2,731 3,183
64,849 3,175 3,694
64,874 3,574 4,107
64,899 3,996 4,544
64,924 4,329 4,884
64,949 4,662 5,200
64,974 4,928 5,492
64,999 5,195 5,686
65,024 5,395 5,832
65,049 5,528 5,954
65,074 5,639 6,026
65,099 5,683 6,002
65,124 5,705 5,929
65,149 5,683 5,832
65,174 5,594 5,686
65,199 5,439 5,443
65,224 5,284 5,152
65,249 5,039 4,836
65,274 4,773 4,471
65,299 4,484 4,082
65,324 4,107 3,596
65,349 3,730 3,135
65,374 3,330 2,624
65,399 2,930 2,114
65,424 2,442 1,531
65,449 1,976 0,972
65,474 1,465 0,340
65,499 0,999 -0,243
65,524 0,466 -0,826
65,549 -0,022 -1,385
65,574 -0,533 -1,968
65,599 -1,043 -2,503
65,624 -1,532 -3,013
65,649 -1,998 -3,499
65,674 -2,464 -3,985
65,699 -2,842 -4,374
65,724 -3,219 -4,763
65,749 -3,596 -5,103
65,775 -3,929 -5,395
65,800 -4,151 -5,613
65,825 -4,396 -5,832
65,850 -4,573 -5,929
65,875 -4,706 -6,002
65,900 -4,795 -6,026
65,925 -4,840 -6,002
65,950 -4,817 -5,881
65,975 -4,773 -5,735
66,000 -4,662 -5,516
66,025 -4,529 -5,273
66,050 -4,329 -4,981
66,075 -4,085 -4,641
66,100 -3,796 -4,228
66,125 -3,485 -3,791
66,150 -3,086 -3,305
66,175 -2,708 -2,819
66,200 -2,287 -2,284
66,225 -1,820 -1,750
66,250 -1,354 -1,191
66,275 -0,866 -0,656
66,300 -0,355 -0,049
66,325 0,155 0,486
66,350 0,688 1,118
66,375 1,177 1,677
66,400 1,709 2,211
66,425 2,198 2,697
66,450 2,708 3,208
66,475 3,152 3,645
66,500 3,596 4,082
66,525 4,018 4,447
66,550 4,396 4,836
66,575 4,729 5,127
66,600 5,039 5,346
66,625 5,284 5,540
66,650 5,528 5,686
66,675 5,661 5,759
66,700 5,839 5,832
66,725 5,883 5,783
66,750 5,927 5,735
66,775 5,883 5,589
66,800 5,816 5,443
66,825 5,661 5,176
66,850 5,483 4,957
66,875 5,239 4,593
66,900 4,973 4,252
66,925 4,684 3,839
66,950 4,329 3,426
66,975 3,907 2,940
67,000 3,530 2,454
67,025 3,086 1,920
67,050 2,597 1,385
67,075 2,087 0,778
67,100 1,621 0,267
67,125 1,088 -0,340
67,150 0,555 -0,899
67,175 0,000 -1,458
67,200 -0,488 -1,968
67,225 -1,021 -2,479
67,250 -1,510 -2,965
67,275 -1,998 -3,475
67,300 -2,464 -3,864
67,325 -2,930 -4,301
67,350 -3,330 -4,641
67,375 -3,685 -4,957
67,400 -4,018 -5,200
67,425 -4,307 -5,419
67,450 -4,529 -5,613
67,475 -4,751 -5,735
67,500 -4,862 -5,783
67,525 -4,995 -5,783
67,550 -5,039 -5,759
67,575 -5,062 -5,686
67,600 -4,973 -5,492
67,625 -4,884 -5,297
67,650 -4,706 -5,030
67,675 -4,551 -4,763
67,700 -4,285 -4,398
67,725 -3,996 -4,010
67,750 -3,641 -3,596
67,775 -3,286 -3,159
67,800 -2,864 -2,673
67,825 -2,420 -2,163
67,850 -1,931 -1,628
67,875 -1,465 -1,142
67,900 -0,955 -0,583
67,925 -0,444 -0,024
67,951 0,111 0,535
67,976 0,644 1,093
68,001 1,221 1,652
68,026 1,709 2,138
68,051 2,242 2,649
68,077 2,753 3,110
68,102 3,263 3,572
68,128 3,707 3,937
68,153 4,174 4,325
68,178 4,551 4,641
68,204 4,906 4,957
68,229 5,239 5,152
68,254 5,506 5,346
68,279 5,728 5,467
68,305 5,905 5,540
68,330 6,016 5,565
68,355 6,083 5,540
68,380 6,105 5,467
68,405 6,061 5,322
68,430 5,972 5,152
68,455 5,816 4,933
68,480 5,617 4,666
68,505 5,372 4,325
68,530 5,084 4,010
68,555 4,751 3,596
68,580 4,396 3,183
68,605 3,996 2,697
68,630 3,552 2,236
68,655 3,064 1,725
68,680 2,575 1,191
68,705 2,042 0,632
68,730 1,510 0,146
68,755 0,977 -0,413
68,780 0,444 -0,923
68,805 -0,111 -1,482
68,830 -0,644 -1,968
68,855 -1,199 -2,454
68,880 -1,709 -2,916
68,905 -2,242 -3,402
68,930 -2,708 -3,766
68,955 -3,152 -4,155
68,980 -3,552 -4,495
69,005 -3,929 -4,787
69,030 -4,240 -5,006
69,055 -4,529 -5,224
69,080 -4,773 -5,370
69,105 -4,973 -5,492
69,130 -5,106 -5,540
69,155 -5,195 -5,565
69,180 -5,217 -5,492
69,205 -5,217 -5,419
69,230 -5,150 -5,249
69,255 -5,017 -5,030
69,280 -4,862 -4,811
69,305 -4,618 -4,520
69,330 -4,351 -4,180
69,355 -4,063 -3,839
69,380 -3,685 -3,402
69,405 -3,308 -2,989
69,430 -2,864 -2,503
69,455 -2,398 -2,041
69,480 -1,909 -1,555
69,505 -1,399 -1,045
69,530 -0,844 -0,510
69,555 -0,289 0,000
69,581 0,266 0,559
69,606 0,844 1,069
69,631 1,399 1,604
69,656 1,954 2,090
69,681 2,486 2,551
69,706 2,975 2,965
69,732 3,485 3,402
69,757 3,952 3,766
69,784 4,396 4,131
69,809 4,795 4,447
69,834 5,173 4,714
69,859 5,483 4,933
69,884 5,750 5,079
69,909 5,950 5,224
69,934 6,127 5,297
69,959 6,238 5,322
69,984 6,283 5,297
70,010 6,260 5,224
70,036 6,194 5,079
70,061 6,083 4,957
70,086 5,905 4,690
70,111 5,705 4,447
70,136 5,417 4,155
70,161 5,128 3,839
70,187 4,751 3,451
70,212 4,351 3,013
70,237 3,885 2,551
70,262 3,441 2,114
70,287 2,908 1,604
70,312 2,420 1,118
70,338 1,843 0,607
70,363 1,288 0,097
70,389 0,710 -0,413
70,414 0,155 -0,923
70,439 -0,444 -1,458
70,464 -0,977 -1,920
70,490 -1,554 -2,406
70,515 -2,087 -2,867
70,540 -2,597 -3,280
70,565 -3,041 -3,694
70,590 -3,485 -4,010
70,615 -3,885 -4,350
70,640 -4,218 -4,593
70,666 -4,551 -4,860
70,691 -4,795 -5,030
70,716 -5,039 -5,176
70,741 -5,195 -5,273
70,766 -5,306 -5,297
70,791 -5,350 -5,297
70,816 -5,350 -5,273
70,841 -5,284 -5,152
70,866 -5,217 -5,030
70,891 -5,017 -4,787
70,916 -4,840 -4,568
70,941 -4,551 -4,301
70,966 -4,285 -3,985
70,991 -3,907 -3,596
71,017 -3,552 -3,232
71,043 -3,064 -2,794
71,069 -2,597 -2,357
71,094 -2,087 -1,895
71,119 -1,532 -1,361
71,144 -0,977 -0,875
71,169 -0,422 -0,389
71,194 0,155 0,121
71,219 0,688 0,632
71,244 1,288 1,142
71,269 1,865 1,604
71,294 2,420 2,090
71,319 2,908 2,503
71,344 3,441 2,940
71,369 3,929 3,353
71,394 4,396 3,718
71,419 4,773 4,034
71,444 5,173 4,325
71,469 5,483 4,568
71,494 5,772 4,787
71,519 5,994 4,933
71,544 6,172 5,079
71,569 6,305 5,127
71,594 6,371 5,176
71,619 6,371 5,152
71,644 6,327 5,079
71,669 6,238 4,933
71,694 6,105 4,787
71,720 5,883 4,568
71,745 5,639 4,325
71,770 5,306 4,034
71,795 4,973 3,694
71,820 4,573 3,329
71,845 4,107 2,940
71,870 3,619 2,527
71,895 3,152 2,090
71,920 2,620 1,604
71,945 2,065 1,118
71,971 1,510 0,632
71,996 0,955 0,121
72,022 0,377 -0,364
72,047 -0,222 -0,875
72,072 -0,777 -1,361
72,097 -1,354 -1,871
72,122 -1,887 -2,284
72,147 -2,420 -2,746
72,172 -2,908 -3,135
72,197 -3,374 -3,548
72,222 -3,774 -3,864
72,247 -4,151 -4,204
72,272 -4,484 -4,471
72,298 -4,795 -4,690
72,324 -4,995 -4,860
72,349 -5,195 -5,030
72,375 -5,328 -5,127
72,400 -5,395 -5,176
72,425 -5,439 -5,200
72,450 -5,372 -5,152
72,475 -5,284 -5,054
72,500 -5,173 -4,933
72,525 -4,951 -4,739
72,550 -4,729 -4,520
72,575 -4,440 -4,252
72,601 -4,085 -3,912
72,626 -3,663 -3,572
72,652 -3,197 -3,183
72,677 -2,753 -2,770
72,702 -2,242 -2,333
72,727 -1,732 -1,895
72,752 -1,177 -1,409
72,777 -0,622 -0,948
72,802 -0,044 -0,413
72,827 0,533 0,049
72,852 1,132 0,583
72,878 1,665 1,045
72,905 2,264 1,555
72,930 2,819 2,041
72,955 3,330 2,479
72,980 3,818 2,867
73,005 4,262 3,256
73,030 4,706 3,621
73,055 5,084 3,961
73,080 5,417 4,228
73,105 5,728 4,495
73,130 5,972 4,690
73,155 6,172 4,860
73,180 6,283 4,981
73,205 6,371 5,054
73,230 6,394 5,079
73,255 6,349 5,054
73,280 6,260 4,981
73,305 6,127 4,884
73,330 5,950 4,714
73,355 5,683 4,495
73,380 5,395 4,277
73,405 5,039 3,985
73,431 4,640 3,669
73,456 4,196 3,329
73,481 3,774 2,965
73,507 3,263 2,527
73,532 2,753 2,090
73,557 2,176 1,604
73,582 1,643 1,166
73,607 1,043 0,656
73,632 0,466 0,170
73,657 -0,111 -0,340
73,682 -0,644 -0,826
73,707 -1,199 -1,312
73,732 -1,732 -1,774
73,757 -2,287 -2,236
73,782 -2,775 -2,673
73,807 -3,241 -3,110
73,832 -3,663 -3,475
73,857 -4,063 -3,815
73,883 -4,373 -4,131
73,908 -4,706 -4,447
73,933 -4,928 -4,690
73,958 -5,150 -4,860
73,984 -5,261 -5,006
74,009 -5,372 -5,127
74,034 -5,395 -5,176
74,060 -5,395 -5,200
74,085 -5,284 -5,152
74,111 -5,150 -5,054
74,136 -4,973 -4,909
74,162 -4,706 -4,714
74,187 -4,440 -4,544
74,212 -4,085 -4,228
74,237 -3,730 -3,961
74,262 -3,308 -3,572
74,287 -2,864 -3,232
74,312 -2,353 -2,819
74,337 -1,865 -2,430
74,362 -1,310 -1,920
74,387 -0,777 -1,482
74,412 -0,200 -0,972
74,437 0,377 -0,510
74,462 0,955 0,000
74,487 1,487 0,510
74,512 2,065 1,021
74,537 2,597 1,482
74,562 3,108 1,944
74,587 3,596 2,357
74,612 4,063 2,794
74,637 4,507 3,208
74,662 4,906 3,596
74,687 5,239 3,937
74,712 5,550 4,252
74,737 5,816 4,471
74,762 6,038 4,739
74,787 6,172 4,884
74,812 6,283 5,006
74,837 6,305 5,079
74,862 6,305 5,127
74,887 6,216 5,127
74,912 6,127 5,079
74,937 5,950 4,957
74,962 5,705 4,836
74,987 5,439 4,617
75,012 5,150 4,374
75,037 4,751 4,107
75,062 4,351 3,815
75,087 3,885 3,451
75,112 3,441 3,086
75,137 2,930 2,649
75,162 2,442 2,236
75,187 1,887 1,750
75,212 1,332 1,312
75,237 0,755 0,753
75,262 0,200 0,292
75,287 -0,400 -0,243
75,312 -0,910 -0,705
75,337 -1,443 -1,215
75,362 -1,976 -1,725
75,387 -2,486 -2,187
75,412 -2,930 -2,624
75,437 -3,374 -3,037
75,462 -3,774 -3,426
75,487 -4,129 -3,815
75,512 -4,440 -4,155
75,537 -4,706 -4,423
75,562 -4,906 -4,690
75,587 -5,084 -4,933
75,612 -5,173 -5,079
75,637 -5,261 -5,200
75,662 -5,239 -5,249
75,687 -5,239 -5,322
75,712 -5,150 -5,249
75,737 -4,995 -5,200
75,762 -4,773 -5,054
75,787 -4,529 -4,909
75,812 -4,218 -4,690
75,837 -3,907 -4,447
75,862 -3,508 -4,155
75,887 -3,086 -3,839
75,912 -2,642 -3,451
75,937 -2,176 -3,062
75,963 -1,643 -2,600
75,989 -1,110 -2,138
76,014 -0,533 -1,652
76,039 0,000 -1,191
76,064 0,577 -0,656
76,089 1,110 -0,170
76,114 1,687 0,364
76,139 2,198 0,875
76,164 2,731 1,385
76,189 3,197 1,847
76,214 3,707 2,333
76,239 4,107 2,746
76,264 4,529 3,208
76,289 4,884 3,596
76,314 5,239 3,961
76,340 5,461 4,252
76,365 5,728 4,568
76,390 5,927 4,811
76,415 6,061 5,006
76,440 6,127 5,127
76,465 6,149 5,224
76,490 6,105 5,249
76,515 6,038 5,273
76,540 5,905 5,224
76,566 5,683 5,127
76,591 5,439 4,981
76,616 5,150 4,787
76,641 4,817 4,544
76,666 4,462 4,277
76,691 4,063 3,985
76,716 3,619 3,596
76,742 3,152 3,232
76,767 2,620 2,770
76,792 2,131 2,333
76,817 1,598 1,847
76,842 1,088 1,361
76,867 0,511 0,850
76,892 -0,022 0,340
76,917 -0,577 -0,194
76,942 -1,088 -0,705
76,967 -1,643 -1,215
76,992 -2,109 -1,701
77,017 -2,575 -2,211
77,042 -2,997 -2,649
77,067 -3,419 -3,110
77,092 -3,774 -3,523
77,117 -4,107 -3,912
77,142 -4,373 -4,252
77,167 -4,618 -4,593
77,192 -4,795 -4,836
77,217 -4,951 -5,079
77,242 -5,017 -5,224
77,267 -5,084 -5,370
77,292 -5,039 -5,419
77,317 -4,995 -5,492
77,342 -4,862 -5,419
77,367 -4,729 -5,395
77,392 -4,507 -5,249
77,417 -4,262 -5,079
77,442 -3,952 -4,884
77,467 -3,619 -4,617
77,493 -3,219 -4,301
77,518 -2,797 -3,961
77,543 -2,331 -3,523
77,569 -1,843 -3,135
77,594 -1,310 -2,649
77,619 -0,821 -2,211
77,644 -0,289 -1,701
77,669 0,244 -1,215
77,695 0,777 -0,656
77,720 1,310 -0,121
77,745 1,865 0,413
77,770 2,353 0,948
77,795 2,842 1,458
77,820 3,263 1,968
77,846 3,752 2,454
77,872 4,151 2,965
77,897 4,529 3,353
77,922 4,862 3,791
77,947 5,150 4,131
77,972 5,417 4,471
77,997 5,594 4,739
78,022 5,772 4,981
78,047 5,861 5,152
78,072 5,927 5,346
78,097 5,950 5,419
78,122 5,905 5,467
78,147 5,772 5,443
78,174 5,617 5,419
78,200 5,372 5,273
78,225 5,173 5,152
78,250 4,840 4,909
78,275 4,507 4,666
78,300 4,129 4,325
78,325 3,730 4,034
78,350 3,286 3,645
78,375 2,842 3,256
78,400 2,331 2,770
78,425 1,865 2,308
78,450 1,332 1,823
78,475 0,844 1,312
78,500 0,311 0,753
78,525 -0,200 0,243
78,550 -0,710 -0,292
78,575 -1,221 -0,826
78,600 -1,709 -1,409
78,625 -2,153 -1,895
78,650 -2,620 -2,430
78,675 -3,019 -2,892
78,700 -3,397 -3,353
78,725 -3,730 -3,766
78,750 -4,040 -4,155
78,775 -4,262 -4,520
78,800 -4,484 -4,811
78,825 -4,640 -5,079
78,850 -4,773 -5,322
78,875 -4,817 -5,467
78,900 -4,862 -5,613
78,925 -4,817 -5,662
78,950 -4,751 -5,686
78,975 -4,640 -5,638
79,000 -4,440 -5,565
79,025 -4,218 -5,395
79,050 -3,952 -5,200
79,075 -3,641 -4,957
79,100 -3,308 -4,690
79,126 -2,930 -4,350
79,151 -2,509 -3,985
79,176 -2,087 -3,572
79,201 -1,621 -3,110
79,226 -1,132 -2,624
79,251 -0,644 -2,114
79,276 -0,155 -1,604
79,302 0,377 -1,069
79,327 0,888 -0,535
79,352 1,399 0,049
79,377 1,865 0,583
79,404 2,375 1,166
79,429 2,864 1,701
79,454 3,330 2,236
79,479 3,707 2,722
79,504 4,085 3,208
79,529 4,418 3,621
79,554 4,751 4,058
79,579 4,995 4,398
79,604 5,261 4,739
79,629 5,439 5,006
79,654 5,572 5,273
79,679 5,617 5,419
79,704 5,683 5,565
79,729 5,683 5,638
79,754 5,617 5,686
79,779 5,506 5,638
79,804 5,372 5,589
79,829 5,150 5,419
79,854 4,906 5,249
79,879 4,618 5,030
79,904 4,329 4,763
79,929 3,929 4,423
79,954 3,574 4,082
79,979 3,130 3,645
80,004 2,686 3,232
80,029 2,220 2,746
80,054 1,776 2,284
80,079 1,265 1,725
80,104 0,799 1,215
80,129 0,266 0,632
80,154 -0,222 0,097
80,179 -0,710 -0,486
80,204 -1,132 -1,045
80,229 -1,643 -1,604
80,254 -2,065 -2,090
80,279 -2,509 -2,624
80,304 -2,864 -3,086
80,329 -3,241 -3,572
80,354 -3,552 -4,010
80,379 -3,841 -4,398
80,404 -4,040 -4,714
80,429 -4,262 -5,054
80,454 -4,418 -5,297
80,479 -4,551 -5,516
80,504 -4,618 -5,686
80,529 -4,640 -5,808
80,554 -4,573 -5,856
80,579 -4,507 -5,881
80,604 -4,396 -5,808
80,629 -4,240 -5,686
80,654 -4,018 -5,516
80,679 -3,796 -5,297
80,704 -3,485 -5,006
80,729 -3,175 -4,739
80,754 -2,819 -4,350
80,779 -2,442 -3,985
80,804 -2,020 -3,523
80,830 -1,554 -3,062
80,855 -1,066 -2,551
80,880 -0,622 -2,041
80,906 -0,133 -1,482
80,931 0,355 -0,899
80,956 0,821 -0,340
80,981 1,310 0,194
81,006 1,798 0,802
81,031 2,242 1,361
81,056 2,686 1,895
81,081 3,108 2,454
81,106 3,508 2,916
81,132 3,885 3,402
81,158 4,240 3,864
81,183 4,551 4,277
81,208 4,817 4,641
81,233 5,039 4,981
81,258 5,217 5,224
81,283 5,328 5,467
81,308 5,417 5,613
81,334 5,461 5,735
81,359 5,439 5,783
81,384 5,417 5,808
81,409 5,306 5,735
81,434 5,173 5,662
81,459 4,995 5,492
81,485 4,751 5,297
81,510 4,484 5,054
81,535 4,196 4,739
81,560 3,841 4,374
81,585 3,463 3,985
81,610 3,064 3,548
81,635 2,664 3,086
81,660 2,198 2,551
81,685 1,754 2,065
81,710 1,288 1,531
81,735 0,821 0,996
81,760 0,333 0,389
81,785 -0,133 -0,194
81,810 -0,622 -0,778
81,835 -1,043 -1,312
81,860 -1,487 -1,895
81,885 -1,931 -2,406
81,910 -2,331 -2,916
81,935 -2,708 -3,402
81,960 -3,064 -3,888
81,985 -3,374 -4,277
82,010 -3,663 -4,666
82,035 -3,885 -4,981
82,060 -4,085 -5,322
82,085 -4,240 -5,516
82,110 -4,351 -5,735
82,135 -4,418 -5,856
82,160 -4,440 -5,954
82,185 -4,418 -5,954
82,210 -4,373 -5,929
82,235 -4,262 -5,832
82,260 -4,129 -5,710
82,285 -3,907 -5,516
82,310 -3,685 -5,273
82,335 -3,397 -4,957
82,360 -3,108 -4,641
82,385 -2,753 -4,204
82,410 -2,420 -3,791
82,435 -1,998 -3,305
82,460 -1,554 -2,843
82,485 -1,132 -2,333
82,510 -0,688 -1,774
82,535 -0,222 -1,215
82,560 0,244 -0,632
82,585 0,733 -0,049
82,610 1,199 0,510
82,635 1,665 1,093
82,660 2,087 1,652
82,685 2,553 2,187
82,710 2,953 2,722
82,735 3,352 3,232
82,760 3,685 3,669
82,785 4,040 4,107
82,810 4,329 4,471
82,835 4,618 4,836
82,860 4,817 5,127
82,885 5,039 5,395
82,910 5,173 5,589
82,935 5,284 5,759
82,960 5,328 5,832
82,985 5,350 5,881
83,010 5,306 5,856
83,035 5,239 5,808
83,060 5,128 5,662
83,085 4,973 5,492
83,110 4,751 5,224
83,135 4,529 4,981
83,160 4,240 4,641
83,185 3,929 4,277
83,210 3,552 3,864
83,235 3,197 3,426
83,260 2,797 2,940
83,285 2,375 2,454
83,310 1,954 1,871
83,335 1,487 1,361
83,360 1,021 0,753
83,385 0,555 0,194
