Kopplung Nr. 1, antisymmetrisch0,025 0,977 -0,437
0,050 0,999 -0,413
0,083 0,866 -0,219
0,108 0,688 -0,073
0,133 0,555 0,097
0,158 0,377 0,219
0,183 0,222 0,413
0,208 0,044 0,559
0,233 -0,111 0,753
0,259 -0,289 0,875
0,308 -0,533 1,069
0,333 -0,644 1,239
0,358 -0,799 1,337
0,383 -0,888 1,434
0,408 -0,977 1,482
0,434 -1,043 1,555
0,459 -1,110 1,555
0,484 -1,132 1,604
0,510 -1,154 1,579
0,536 -1,154 1,555
0,561 -1,110 1,531
0,586 -1,088 1,458
0,611 -0,999 1,409
0,636 -0,955 1,288
0,661 -0,866 1,215
0,686 -0,777 1,069
0,711 -0,644 0,972
0,738 -0,533 0,826
0,763 -0,355 0,680
0,788 -0,244 0,510
0,813 -0,067 0,389
0,838 0,067 0,170
0,864 0,266 0,024
0,889 0,422 -0,170
0,914 0,577 -0,340
0,939 0,710 -0,486
0,965 0,910 -0,656
0,990 1,066 -0,826
1,015 1,221 -0,948
1,040 1,354 -1,093
1,065 1,465 -1,215
1,090 1,598 -1,312
1,115 1,709 -1,409
1,140 1,798 -1,507
1,165 1,887 -1,579
1,190 1,954 -1,604
1,215 1,976 -1,652
1,240 2,020 -1,652
1,265 2,020 -1,652
1,290 2,042 -1,628
1,315 1,998 -1,604
1,340 1,976 -1,531
1,365 1,931 -1,482
1,390 1,843 -1,385
1,415 1,776 -1,264
1,440 1,665 -1,142
1,465 1,554 -1,021
1,490 1,443 -0,899
1,515 1,310 -0,753
1,540 1,177 -0,607
1,565 1,021 -0,437
1,590 0,866 -0,243
1,615 0,688 -0,121
1,640 0,511 0,097
1,665 0,355 0,243
1,690 0,222 0,413
1,716 0,022 0,583
1,741 -0,111 0,778
1,767 -0,266 0,899
1,792 -0,377 1,021
1,817 -0,533 1,118
1,842 -0,644 1,288
1,867 -0,755 1,361
1,892 -0,844 1,458
1,917 -0,910 1,482
1,942 -0,977 1,579
1,967 -1,043 1,579
1,992 -1,066 1,604
2,017 -1,088 1,579
2,043 -1,043 1,579
2,068 -1,043 1,531
2,093 -1,021 1,507
2,118 -0,999 1,409
2,143 -0,910 1,361
2,168 -0,821 1,239
2,193 -0,733 1,118
2,219 -0,622 0,996
2,244 -0,511 0,850
2,270 -0,377 0,705
2,295 -0,222 0,535
2,320 -0,089 0,340
2,346 0,067 0,194
2,372 0,266 0,049
2,397 0,400 -0,170
2,422 0,577 -0,316
2,448 0,733 -0,510
2,473 0,910 -0,632
2,498 1,043 -0,802
2,523 1,199 -0,948
2,548 1,310 -1,069
2,573 1,465 -1,191
2,599 1,554 -1,337
2,624 1,687 -1,434
2,649 1,754 -1,531
2,674 1,843 -1,579
2,699 1,887 -1,604
2,724 1,976 -1,652
2,749 1,976 -1,677
2,774 2,020 -1,652
2,799 1,998 -1,652
2,824 1,976 -1,579
2,850 1,909 -1,555
2,875 1,843 -1,458
2,900 1,776 -1,385
2,925 1,709 -1,288
2,950 1,643 -1,166
2,975 1,510 -1,045
3,000 1,399 -0,899
3,025 1,265 -0,778
3,050 1,132 -0,607
3,075 0,999 -0,462
3,100 0,866 -0,292
3,125 0,666 -0,121
3,150 0,511 0,073
3,176 0,355 0,243
3,201 0,222 0,413
3,227 0,044 0,583
3,253 -0,089 0,753
3,278 -0,266 0,899
3,303 -0,355 1,069
3,328 -0,533 1,166
3,353 -0,622 1,312
3,378 -0,733 1,385
3,403 -0,799 1,458
3,428 -0,888 1,531
3,454 -0,955 1,604
3,479 -0,999 1,604
3,505 -0,999 1,628
3,530 -1,043 1,628
3,557 -1,043 1,604
3,582 -0,999 1,579
3,607 -0,955 1,482
3,633 -0,888 1,434
3,658 -0,844 1,337
3,683 -0,755 1,239
3,708 -0,666 1,093
3,733 -0,533 0,996
3,758 -0,444 0,850
3,783 -0,311 0,705
3,809 -0,155 0,510
3,834 -0,022 0,389
3,859 0,111 0,194
3,885 0,289 0,000
3,911 0,444 -0,194
3,936 0,599 -0,364
3,961 0,777 -0,486
3,987 0,888 -0,680
4,012 1,066 -0,826
4,037 1,199 -0,972
4,062 1,332 -1,093
4,087 1,443 -1,239
4,112 1,554 -1,312
4,138 1,643 -1,458
4,163 1,776 -1,531
4,188 1,820 -1,604
4,213 1,865 -1,652
4,238 1,909 -1,677
4,263 1,954 -1,677
4,288 1,954 -1,677
4,313 1,954 -1,652
4,338 1,909 -1,628
4,363 1,865 -1,579
4,388 1,798 -1,482
4,413 1,754 -1,385
4,438 1,643 -1,264
4,463 1,576 -1,142
4,488 1,443 -1,045
4,513 1,354 -0,875
4,538 1,221 -0,753
4,563 1,088 -0,559
4,588 0,932 -0,437
4,613 0,799 -0,243
4,638 0,644 -0,097
4,663 0,466 0,097
4,688 0,311 0,243
4,713 0,178 0,437
4,738 0,022 0,607
4,763 -0,133 0,778
4,788 -0,266 0,923
4,813 -0,400 1,069
4,838 -0,511 1,166
4,863 -0,599 1,264
4,888 -0,710 1,361
4,913 -0,777 1,458
4,938 -0,888 1,531
4,963 -0,910 1,579
4,988 -0,977 1,604
5,014 -0,999 1,628
5,039 -0,977 1,628
5,065 -0,977 1,604
5,090 -0,977 1,555
5,115 -0,932 1,482
5,140 -0,866 1,434
5,165 -0,799 1,361
5,190 -0,710 1,264
5,217 -0,644 1,142
5,242 -0,511 1,045
5,268 -0,377 0,875
5,293 -0,244 0,729
5,319 -0,111 0,559
5,344 0,022 0,389
5,369 0,178 0,194
5,394 0,355 0,024
5,420 0,466 -0,170
5,445 0,622 -0,316
5,471 0,777 -0,510
5,496 0,932 -0,656
5,521 1,088 -0,802
5,548 1,199 -0,948
5,573 1,354 -1,069
5,598 1,443 -1,215
5,623 1,576 -1,337
5,648 1,665 -1,434
5,673 1,754 -1,507
5,698 1,820 -1,604
5,723 1,865 -1,628
5,748 1,887 -1,652
5,773 1,909 -1,677
5,798 1,909 -1,677
5,823 1,909 -1,652
5,848 1,887 -1,628
5,874 1,820 -1,555
5,899 1,754 -1,482
5,925 1,709 -1,385
5,950 1,598 -1,288
5,975 1,487 -1,166
6,000 1,376 -1,045
6,025 1,265 -0,923
6,050 1,132 -0,753
6,075 1,021 -0,583
6,100 0,888 -0,462
6,126 0,710 -0,292
6,151 0,555 -0,073
6,177 0,400 0,073
6,202 0,266 0,267
6,227 0,111 0,437
6,252 -0,044 0,607
6,277 -0,178 0,753
6,302 -0,289 0,899
6,327 -0,422 1,021
6,352 -0,533 1,166
6,377 -0,644 1,264
6,402 -0,710 1,385
6,427 -0,821 1,458
6,452 -0,888 1,555
6,477 -0,932 1,555
6,502 -0,932 1,628
6,527 -0,977 1,604
6,552 -0,955 1,628
6,577 -0,955 1,604
6,603 -0,932 1,555
6,628 -0,888 1,507
6,653 -0,799 1,458
6,678 -0,755 1,337
6,703 -0,644 1,264
6,728 -0,577 1,142
6,753 -0,444 1,045
6,778 -0,333 0,850
6,803 -0,178 0,729
6,828 -0,067 0,559
6,853 0,089 0,389
6,878 0,200 0,219
6,903 0,377 0,049
6,928 0,511 -0,146
6,954 0,666 -0,292
6,979 0,821 -0,486
7,004 0,977 -0,632
7,029 1,088 -0,802
7,054 1,221 -0,899
7,079 1,332 -1,069
7,104 1,465 -1,166
7,129 1,576 -1,288
7,154 1,687 -1,409
7,179 1,732 -1,507
7,204 1,798 -1,555
7,229 1,843 -1,628
7,254 1,887 -1,652
7,279 1,887 -1,677
7,306 1,909 -1,677
7,332 1,865 -1,652
7,358 1,843 -1,652
7,384 1,798 -1,579
7,409 1,709 -1,507
7,434 1,665 -1,409
7,459 1,554 -1,312
7,484 1,465 -1,191
7,509 1,332 -1,069
7,535 1,243 -0,923
7,560 1,088 -0,753
7,586 0,955 -0,656
7,611 0,799 -0,437
7,636 0,644 -0,292
7,662 0,511 -0,097
7,688 0,355 0,049
7,713 0,200 0,243
7,738 0,022 0,389
7,763 -0,067 0,559
7,788 -0,222 0,705
7,813 -0,333 0,875
7,838 -0,466 0,996
7,863 -0,555 1,118
7,888 -0,644 1,215
7,914 -0,733 1,337
7,939 -0,844 1,409
7,964 -0,866 1,482
7,990 -0,932 1,531
8,015 -0,955 1,579
8,040 -0,977 1,579
8,066 -0,977 1,579
8,091 -0,910 1,579
8,117 -0,888 1,507
8,143 -0,821 1,482
8,168 -0,777 1,409
8,193 -0,710 1,337
8,218 -0,622 1,215
8,244 -0,488 1,118
8,269 -0,400 0,972
8,295 -0,266 0,850
8,320 -0,111 0,680
8,345 0,022 0,535
8,370 0,133 0,364
8,396 0,289 0,194
8,421 0,466 0,049
8,446 0,622 -0,146
8,471 0,755 -0,316
8,498 0,866 -0,462
8,524 1,066 -0,632
8,549 1,177 -0,802
8,574 1,332 -0,948
8,599 1,421 -1,093
8,624 1,532 -1,191
8,650 1,643 -1,312
8,676 1,709 -1,409
8,701 1,776 -1,482
8,726 1,820 -1,555
8,751 1,865 -1,579
8,777 1,865 -1,628
8,803 1,887 -1,652
8,828 1,887 -1,652
8,854 1,865 -1,604
8,879 1,776 -1,579
8,904 1,754 -1,531
8,929 1,665 -1,434
8,956 1,598 -1,337
8,981 1,510 -1,239
9,006 1,399 -1,142
9,033 1,288 -0,996
9,058 1,132 -0,850
9,083 1,021 -0,705
9,108 0,866 -0,559
9,134 0,733 -0,389
9,159 0,555 -0,243
9,185 0,422 -0,049
9,210 0,222 0,097
9,235 0,111 0,292
9,260 -0,044 0,413
9,285 -0,178 0,583
9,310 -0,311 0,729
9,336 -0,444 0,899
9,361 -0,555 1,045
9,386 -0,644 1,142
9,411 -0,710 1,239
9,436 -0,799 1,312
9,461 -0,866 1,434
9,487 -0,932 1,482
9,512 -0,955 1,555
9,538 -0,977 1,555
9,563 -0,932 1,579
9,588 -0,955 1,555
9,613 -0,910 1,531
9,638 -0,888 1,482
9,663 -0,821 1,434
9,688 -0,733 1,337
9,713 -0,622 1,264
9,738 -0,555 1,142
9,763 -0,444 1,069
9,788 -0,333 0,923
9,813 -0,178 0,802
9,838 -0,067 0,632
9,863 0,111 0,486
9,888 0,244 0,316
9,913 0,422 0,170
9,938 0,511 0,000
9,963 0,688 -0,146
9,988 0,799 -0,340
10,013 0,977 -0,486
10,038 1,110 -0,656
10,064 1,265 -0,778
10,089 1,376 -0,948
10,114 1,487 -1,069
10,139 1,576 -1,166
10,165 1,687 -1,264
10,190 1,732 -1,361
10,217 1,820 -1,482
10,242 1,887 -1,507
10,267 1,887 -1,579
10,292 1,887 -1,579
10,317 1,887 -1,579
10,342 1,887 -1,579
10,367 1,865 -1,579
10,392 1,798 -1,531
10,418 1,732 -1,482
10,443 1,687 -1,385
10,468 1,576 -1,312
10,493 1,487 -1,215
10,519 1,376 -1,118
10,544 1,265 -0,972
10,569 1,110 -0,826
10,595 0,977 -0,680
10,620 0,821 -0,535
10,647 0,666 -0,389
10,672 0,511 -0,194
10,697 0,355 -0,049
10,722 0,222 0,121
10,748 0,044 0,267
10,774 -0,067 0,462
10,800 -0,222 0,607
10,825 -0,355 0,753
10,850 -0,488 0,875
10,875 -0,599 1,021
10,900 -0,666 1,118
10,926 -0,755 1,239
10,951 -0,844 1,337
10,977 -0,888 1,385
11,002 -0,910 1,458
11,028 -0,977 1,482
11,053 -0,955 1,507
11,078 -0,977 1,482
11,103 -0,932 1,531
11,128 -0,910 1,482
11,153 -0,844 1,434
11,178 -0,777 1,385
11,204 -0,688 1,337
11,230 -0,622 1,215
11,255 -0,511 1,118
11,280 -0,400 0,996
11,305 -0,266 0,875
11,330 -0,155 0,705
11,355 0,000 0,607
11,380 0,133 0,437
11,405 0,311 0,267
11,430 0,444 0,121
11,455 0,622 -0,049
11,481 0,755 -0,243
11,506 0,888 -0,389
11,531 1,043 -0,535
11,556 1,177 -0,680
11,581 1,310 -0,778
11,606 1,421 -0,948
11,632 1,532 -1,069
11,657 1,621 -1,191
11,682 1,732 -1,264
11,707 1,776 -1,361
11,732 1,843 -1,409
11,757 1,887 -1,482
11,782 1,909 -1,531
11,807 1,931 -1,555
11,832 1,931 -1,555
11,857 1,909 -1,555
11,882 1,865 -1,507
11,907 1,798 -1,458
11,932 1,754 -1,385
11,957 1,687 -1,361
11,982 1,576 -1,239
12,008 1,465 -1,166
12,033 1,376 -1,045
12,058 1,221 -0,948
12,083 1,110 -0,802
12,108 0,932 -0,680
12,133 0,799 -0,486
12,158 0,644 -0,364
12,183 0,488 -0,170
12,208 0,333 -0,024
12,233 0,178 0,121
12,258 0,022 0,267
12,283 -0,111 0,437
12,308 -0,244 0,559
12,333 -0,377 0,729
12,358 -0,511 0,850
12,383 -0,599 0,996
12,409 -0,733 1,093
12,434 -0,755 1,191
12,461 -0,866 1,264
12,486 -0,932 1,337
12,512 -0,955 1,409
12,537 -0,999 1,434
12,562 -0,977 1,458
12,587 -0,999 1,482
12,612 -0,955 1,482
12,638 -0,932 1,434
12,663 -0,866 1,409
12,688 -0,799 1,312
12,714 -0,710 1,264
12,739 -0,622 1,166
12,764 -0,511 1,069
12,789 -0,400 0,948
12,814 -0,266 0,875
12,839 -0,178 0,729
12,864 0,000 0,607
12,889 0,133 0,413
12,914 0,289 0,267
12,939 0,444 0,073
12,964 0,644 -0,073
12,989 0,755 -0,194
13,014 0,910 -0,316
13,039 1,043 -0,510
13,064 1,199 -0,632
13,089 1,310 -0,778
13,114 1,443 -0,899
13,139 1,554 -1,021
13,164 1,665 -1,118
13,189 1,709 -1,215
13,215 1,798 -1,312
13,240 1,865 -1,385
13,266 1,931 -1,434
13,291 1,954 -1,482
13,316 1,954 -1,482
13,342 1,931 -1,482
13,368 1,909 -1,507
13,393 1,887 -1,458
13,418 1,820 -1,409
13,443 1,776 -1,361
13,468 1,687 -1,312
13,493 1,576 -1,191
13,518 1,443 -1,093
13,543 1,332 -0,972
13,568 1,199 -0,875
13,593 1,088 -0,729
13,618 0,932 -0,632
13,644 0,799 -0,437
13,669 0,622 -0,316
13,694 0,466 -0,146
13,719 0,311 0,000
13,745 0,178 0,121
13,770 0,000 0,292
13,795 -0,111 0,462
13,820 -0,266 0,607
13,847 -0,400 0,753
13,872 -0,511 0,899
13,897 -0,622 0,972
13,922 -0,733 1,069
13,947 -0,821 1,166
13,972 -0,866 1,264
13,997 -0,932 1,312
14,022 -0,955 1,385
14,047 -1,021 1,409
14,072 -1,021 1,434
14,098 -1,043 1,409
14,123 -0,977 1,434
14,148 -0,977 1,385
14,173 -0,888 1,361
14,198 -0,821 1,264
14,223 -0,710 1,215
14,248 -0,666 1,142
14,273 -0,555 1,045
14,298 -0,422 0,923
14,323 -0,289 0,802
14,348 -0,178 0,656
14,373 0,000 0,535
14,398 0,155 0,364
14,423 0,311 0,243
14,448 0,444 0,097
14,473 0,599 -0,049
14,498 0,755 -0,219
14,524 0,910 -0,340
14,549 1,021 -0,510
14,574 1,199 -0,632
14,599 1,332 -0,778
14,624 1,465 -0,899
14,649 1,554 -0,996
14,674 1,665 -1,093
14,699 1,732 -1,215
14,724 1,820 -1,264
14,749 1,865 -1,361
14,774 1,931 -1,434
14,799 1,954 -1,458
14,825 1,976 -1,434
14,850 1,954 -1,458
14,875 1,931 -1,458
14,900 1,865 -1,434
14,926 1,843 -1,361
14,952 1,754 -1,337
14,978 1,665 -1,264
15,003 1,598 -1,142
15,028 1,487 -1,045
15,053 1,376 -0,948
15,078 1,221 -0,826
15,103 1,110 -0,705
15,128 0,977 -0,607
15,154 0,821 -0,437
15,179 0,622 -0,292
15,205 0,488 -0,121
15,230 0,333 0,000
15,255 0,178 0,170
15,280 0,022 0,316
15,305 -0,111 0,486
15,330 -0,266 0,607
15,355 -0,377 0,729
15,380 -0,533 0,826
15,405 -0,622 0,972
15,430 -0,733 1,045
15,455 -0,799 1,166
15,480 -0,888 1,215
15,505 -0,910 1,288
15,530 -0,977 1,337
15,555 -0,999 1,385
15,580 -1,043 1,385
15,605 -0,999 1,385
15,630 -0,977 1,337
15,655 -0,932 1,337
15,680 -0,888 1,288
15,705 -0,821 1,264
15,730 -0,777 1,166
15,755 -0,688 1,093
15,780 -0,577 0,972
15,806 -0,444 0,899
15,831 -0,333 0,753
15,856 -0,178 0,656
15,881 -0,067 0,486
15,906 0,111 0,340
15,931 0,266 0,194
15,956 0,400 0,073
15,982 0,555 -0,097
16,007 0,733 -0,243
16,032 0,866 -0,389
16,057 1,021 -0,535
16,082 1,132 -0,656
16,107 1,265 -0,802
16,132 1,399 -0,899
16,157 1,532 -1,021
16,182 1,643 -1,093
16,207 1,687 -1,191
16,232 1,776 -1,264
16,258 1,865 -1,337
16,283 1,909 -1,361
16,308 1,954 -1,434
16,333 1,954 -1,434
16,358 1,931 -1,434
16,383 1,931 -1,385
16,408 1,887 -1,385
16,434 1,843 -1,312
16,460 1,776 -1,288
16,485 1,709 -1,166
16,511 1,621 -1,093
16,537 1,487 -1,021
16,562 1,399 -0,923
16,587 1,265 -0,802
16,612 1,110 -0,656
16,637 0,955 -0,535
16,663 0,821 -0,389
16,688 0,666 -0,267
16,714 0,555 -0,097
16,739 0,355 0,049
16,764 0,200 0,219
16,789 0,067 0,316
16,815 -0,089 0,486
16,840 -0,244 0,607
16,866 -0,355 0,778
16,891 -0,511 0,875
16,917 -0,599 0,996
16,942 -0,688 1,069
16,967 -0,799 1,142
16,992 -0,866 1,215
17,018 -0,932 1,264
17,043 -0,955 1,337
17,068 -0,999 1,361
17,093 -0,999 1,385
17,118 -0,999 1,361
17,143 -0,977 1,361
17,168 -0,955 1,288
17,193 -0,910 1,264
17,218 -0,866 1,215
17,243 -0,755 1,142
17,268 -0,688 1,021
17,293 -0,577 0,948
17,318 -0,466 0,826
17,343 -0,311 0,729
17,368 -0,178 0,559
17,393 -0,044 0,413
17,418 0,089 0,267
17,443 0,244 0,146
17,468 0,400 0,000
17,494 0,577 -0,146
17,519 0,710 -0,292
17,544 0,866 -0,413
17,569 0,999 -0,559
17,595 1,154 -0,680
17,620 1,265 -0,826
17,645 1,421 -0,923
17,670 1,510 -1,021
17,695 1,621 -1,093
17,720 1,709 -1,215
17,745 1,798 -1,264
17,771 1,843 -1,312
17,797 1,909 -1,361
17,822 1,931 -1,409
17,847 1,909 -1,409
17,873 1,909 -1,409
17,898 1,909 -1,385
17,923 1,887 -1,337
17,948 1,820 -1,312
17,974 1,776 -1,239
17,999 1,687 -1,166
18,024 1,621 -1,045
18,050 1,487 -0,948
18,075 1,399 -0,826
18,100 1,221 -0,729
18,125 1,132 -0,583
18,150 0,977 -0,462
18,175 0,866 -0,316
18,201 0,666 -0,170
18,227 0,533 -0,024
18,252 0,377 0,097
18,277 0,244 0,243
18,302 0,067 0,389
18,327 -0,089 0,535
18,352 -0,222 0,656
18,377 -0,355 0,753
18,402 -0,488 0,899
18,427 -0,555 0,996
18,452 -0,688 1,093
18,478 -0,755 1,166
18,503 -0,821 1,239
18,528 -0,910 1,264
18,553 -0,932 1,288
18,578 -0,977 1,337
18,603 -0,977 1,361
18,628 -0,999 1,337
18,653 -0,977 1,337
18,679 -0,955 1,288
18,704 -0,866 1,215
18,729 -0,844 1,142
18,755 -0,755 1,069
18,780 -0,666 0,972
18,805 -0,555 0,899
18,830 -0,444 0,753
18,855 -0,311 0,632
18,881 -0,178 0,510
18,907 -0,044 0,364
18,932 0,089 0,194
18,957 0,266 0,073
18,983 0,400 -0,073
19,008 0,555 -0,219
19,033 0,710 -0,340
19,058 0,866 -0,486
19,083 1,021 -0,632
19,108 1,132 -0,778
19,133 1,265 -0,875
19,158 1,376 -0,996
19,183 1,510 -1,093
19,208 1,598 -1,191
19,234 1,687 -1,239
19,259 1,754 -1,312
19,284 1,843 -1,337
19,309 1,865 -1,385
19,334 1,909 -1,409
19,359 1,909 -1,434
19,385 1,931 -1,409
19,410 1,909 -1,385
19,435 1,887 -1,312
19,460 1,820 -1,288
19,487 1,776 -1,215
19,512 1,687 -1,118
19,537 1,576 -1,021
19,562 1,487 -0,923
19,587 1,376 -0,802
19,612 1,243 -0,680
19,637 1,132 -0,559
19,662 0,977 -0,437
19,687 0,844 -0,292
19,712 0,688 -0,121
19,738 0,555 0,024
19,764 0,400 0,170
19,789 0,244 0,292
19,814 0,111 0,437
19,840 -0,067 0,583
19,865 -0,200 0,729
19,891 -0,333 0,826
19,917 -0,466 0,972
19,942 -0,555 1,045
19,967 -0,666 1,166
19,992 -0,755 1,191
20,017 -0,799 1,264
20,042 -0,888 1,288
20,067 -0,932 1,337
20,092 -0,977 1,337
20,118 -0,977 1,361
20,143 -0,977 1,361
20,168 -0,932 1,312
20,193 -0,910 1,264
20,218 -0,866 1,215
20,243 -0,799 1,142
20,268 -0,733 1,045
20,293 -0,622 0,948
20,318 -0,533 0,826
20,343 -0,422 0,729
20,368 -0,311 0,607
20,393 -0,178 0,462
20,418 -0,044 0,316
20,443 0,111 0,194
20,469 0,244 0,049
20,494 0,400 -0,097
20,519 0,533 -0,243
20,544 0,688 -0,364
20,570 0,844 -0,510
20,595 0,999 -0,656
20,620 1,110 -0,778
20,647 1,265 -0,899
20,673 1,354 -1,045
20,699 1,465 -1,118
20,725 1,598 -1,191
20,750 1,665 -1,288
20,775 1,754 -1,337
20,800 1,776 -1,385
20,825 1,843 -1,409
20,850 1,865 -1,434
20,876 1,909 -1,409
20,901 1,887 -1,385
20,927 1,865 -1,337
20,952 1,820 -1,312
20,978 1,776 -1,239
21,003 1,709 -1,166
21,028 1,621 -1,118
21,053 1,532 -1,021
21,078 1,421 -0,875
21,103 1,310 -0,753
21,128 1,177 -0,632
21,153 1,066 -0,510
21,178 0,955 -0,364
21,203 0,777 -0,219
21,228 0,644 -0,097
21,253 0,488 0,049
21,278 0,355 0,219
21,303 0,222 0,340
21,330 0,067 0,510
21,356 -0,044 0,656
21,381 -0,178 0,778
21,406 -0,311 0,899
21,431 -0,444 0,996
21,456 -0,533 1,118
21,481 -0,644 1,166
21,506 -0,710 1,239
21,531 -0,821 1,288
21,557 -0,866 1,337
21,582 -0,888 1,385
21,607 -0,888 1,385
21,632 -0,910 1,337
21,658 -0,888 1,337
21,684 -0,910 1,288
21,709 -0,866 1,239
21,734 -0,799 1,191
21,759 -0,755 1,093
21,784 -0,666 1,021
21,809 -0,577 0,923
21,834 -0,466 0,802
21,859 -0,377 0,680
21,885 -0,244 0,559
21,910 -0,133 0,413
21,935 0,022 0,292
21,960 0,155 0,121
21,985 0,333 -0,024
22,010 0,444 -0,194
22,035 0,577 -0,292
22,061 0,710 -0,462
22,086 0,844 -0,583
22,111 0,977 -0,753
22,138 1,132 -0,850
22,163 1,221 -0,972
22,188 1,376 -1,069
22,213 1,443 -1,166
22,238 1,576 -1,239
22,264 1,621 -1,288
22,289 1,687 -1,385
22,314 1,754 -1,409
22,339 1,776 -1,434
22,364 1,820 -1,434
22,390 1,820 -1,434
22,415 1,820 -1,409
22,440 1,798 -1,385
22,465 1,776 -1,312
22,490 1,709 -1,264
22,515 1,665 -1,166
22,540 1,598 -1,093
22,566 1,510 -0,972
22,591 1,399 -0,875
22,617 1,288 -0,729
22,643 1,177 -0,607
22,668 1,043 -0,462
22,694 0,888 -0,316
22,720 0,755 -0,194
22,745 0,644 0,000
22,770 0,488 0,097
22,795 0,355 0,267
22,820 0,200 0,413
22,845 0,067 0,583
22,870 -0,089 0,705
22,895 -0,178 0,826
22,920 -0,333 0,923
22,945 -0,400 1,045
22,970 -0,533 1,118
22,995 -0,599 1,215
23,021 -0,688 1,264
23,046 -0,755 1,312
23,071 -0,799 1,361
23,098 -0,821 1,409
23,123 -0,888 1,409
23,148 -0,888 1,409
23,173 -0,866 1,337
23,199 -0,844 1,337
23,224 -0,799 1,264
23,249 -0,777 1,166
23,275 -0,666 1,093
23,300 -0,599 1,021
23,325 -0,511 0,923
23,350 -0,444 0,778
23,377 -0,289 0,656
23,402 -0,200 0,486
23,427 -0,044 0,364
23,452 0,067 0,219
23,478 0,222 0,097
23,503 0,333 -0,073
23,528 0,488 -0,219
23,554 0,622 -0,389
23,579 0,777 -0,535
23,604 0,888 -0,656
23,629 0,999 -0,778
23,655 1,132 -0,875
23,680 1,243 -1,021
23,705 1,376 -1,093
23,730 1,465 -1,215
23,757 1,554 -1,264
23,783 1,621 -1,361
23,808 1,709 -1,409
23,834 1,709 -1,434
23,860 1,732 -1,458
23,885 1,776 -1,458
23,911 1,798 -1,434
23,937 1,776 -1,409
23,963 1,709 -1,337
23,988 1,687 -1,288
24,013 1,621 -1,239
24,038 1,576 -1,142
24,063 1,487 -1,045
24,088 1,421 -0,923
24,114 1,310 -0,802
24,139 1,177 -0,680
24,164 1,066 -0,559
24,189 0,932 -0,413
24,214 0,799 -0,243
24,239 0,688 -0,097
24,264 0,511 0,024
24,289 0,400 0,170
24,315 0,266 0,340
24,340 0,133 0,462
24,367 0,000 0,607
24,393 -0,111 0,753
24,419 -0,266 0,875
24,444 -0,355 0,972
24,469 -0,466 1,093
24,494 -0,577 1,191
24,519 -0,644 1,264
24,544 -0,710 1,312
24,569 -0,777 1,337
24,594 -0,799 1,385
24,619 -0,821 1,385
24,645 -0,844 1,385
24,670 -0,844 1,361
24,696 -0,799 1,361
24,721 -0,777 1,288
24,747 -0,710 1,264
24,773 -0,666 1,166
24,798 -0,599 1,093
24,823 -0,533 0,948
24,848 -0,400 0,875
24,873 -0,311 0,729
24,898 -0,178 0,607
24,923 -0,111 0,462
24,948 0,044 0,316
24,973 0,178 0,170
24,998 0,311 0,024
25,023 0,444 -0,146
25,048 0,577 -0,267
25,073 0,688 -0,437
25,098 0,844 -0,559
25,123 0,955 -0,705
25,148 1,110 -0,826
25,173 1,177 -0,948
25,199 1,310 -1,069
25,224 1,399 -1,142
25,249 1,487 -1,264
25,274 1,532 -1,312
25,299 1,598 -1,385
25,324 1,665 -1,434
25,349 1,709 -1,458
25,374 1,732 -1,482
25,400 1,754 -1,458
25,425 1,776 -1,434
25,450 1,732 -1,434
25,475 1,709 -1,361
25,500 1,643 -1,312
25,527 1,598 -1,215
25,552 1,510 -1,142
25,578 1,421 -1,021
25,603 1,332 -0,923
25,628 1,221 -0,778
25,653 1,132 -0,680
25,679 1,043 -0,535
25,704 0,866 -0,389
25,730 0,733 -0,243
25,755 0,622 -0,049
25,781 0,488 0,073
25,808 0,355 0,219
25,834 0,200 0,364
25,859 0,067 0,510
25,884 -0,067 0,680
25,909 -0,178 0,802
25,934 -0,289 0,923
25,959 -0,400 1,045
25,984 -0,466 1,118
26,009 -0,533 1,215
26,034 -0,622 1,264
26,060 -0,688 1,337
26,085 -0,733 1,409
26,110 -0,755 1,385
26,137 -0,777 1,434
26,162 -0,799 1,409
26,187 -0,777 1,385
26,212 -0,755 1,337
26,237 -0,688 1,312
26,262 -0,666 1,239
26,288 -0,599 1,166
26,313 -0,555 1,069
26,338 -0,444 0,972
26,363 -0,355 0,850
26,388 -0,222 0,753
26,413 -0,133 0,583
26,438 0,000 0,486
26,463 0,089 0,292
26,488 0,244 0,170
26,513 0,355 0,000
26,538 0,488 -0,121
26,563 0,599 -0,267
26,588 0,755 -0,413
26,613 0,866 -0,583
26,638 0,999 -0,705
26,663 1,110 -0,850
26,688 1,221 -0,948
26,713 1,310 -1,045
26,738 1,421 -1,142
26,763 1,465 -1,264
26,788 1,576 -1,288
26,813 1,598 -1,409
26,838 1,687 -1,434
26,863 1,687 -1,458
26,888 1,709 -1,458
26,913 1,709 -1,482
26,938 1,709 -1,458
26,963 1,665 -1,434
26,988 1,665 -1,385
27,013 1,598 -1,337
27,038 1,554 -1,239
27,063 1,465 -1,166
27,088 1,376 -1,045
27,113 1,265 -0,948
27,138 1,199 -0,802
27,164 1,088 -0,705
27,189 0,977 -0,559
27,214 0,866 -0,437
27,239 0,733 -0,292
27,265 0,555 -0,146
27,290 0,444 0,024
27,315 0,311 0,170
27,340 0,200 0,340
27,365 0,067 0,462
27,390 -0,067 0,607
27,415 -0,155 0,753
27,440 -0,266 0,850
27,465 -0,377 0,948
27,490 -0,488 1,069
27,515 -0,555 1,166
27,540 -0,644 1,239
27,565 -0,688 1,312
27,590 -0,710 1,337
27,615 -0,755 1,385
27,640 -0,755 1,385
27,665 -0,755 1,409
27,690 -0,777 1,385
27,715 -0,755 1,361
27,740 -0,710 1,312
27,765 -0,644 1,264
27,790 -0,599 1,191
27,815 -0,511 1,093
27,840 -0,466 0,996
27,867 -0,355 0,899
27,892 -0,222 0,753
27,918 -0,111 0,632
27,943 0,000 0,486
27,968 0,133 0,364
27,993 0,244 0,194
28,018 0,377 0,073
28,043 0,511 -0,097
28,068 0,644 -0,219
28,093 0,755 -0,389
28,118 0,888 -0,510
28,144 0,977 -0,656
28,169 1,132 -0,753
28,194 1,221 -0,899
28,220 1,332 -1,021
28,247 1,421 -1,142
28,272 1,487 -1,239
28,297 1,576 -1,288
28,322 1,598 -1,385
28,347 1,643 -1,409
28,372 1,665 -1,434
28,397 1,687 -1,434
28,422 1,687 -1,458
28,449 1,709 -1,434
28,474 1,643 -1,434
28,499 1,621 -1,361
28,525 1,554 -1,312
28,550 1,487 -1,239
28,575 1,399 -1,142
28,600 1,310 -1,045
28,625 1,243 -0,948
28,650 1,132 -0,826
28,675 1,021 -0,705
28,700 0,910 -0,583
28,726 0,777 -0,437
28,751 0,644 -0,292
28,777 0,533 -0,121
28,802 0,400 0,000
28,828 0,266 0,194
28,853 0,133 0,316
28,878 0,022 0,486
28,904 -0,133 0,607
28,929 -0,222 0,753
28,954 -0,333 0,875
28,979 -0,422 0,972
29,004 -0,488 1,045
29,029 -0,577 1,166
29,054 -0,622 1,239
29,079 -0,666 1,312
29,104 -0,733 1,312
29,130 -0,733 1,385
29,155 -0,755 1,385
29,180 -0,733 1,409
29,205 -0,710 1,361
29,231 -0,688 1,312
29,257 -0,644 1,288
29,282 -0,622 1,191
29,307 -0,533 1,166
29,332 -0,466 1,069
29,357 -0,377 0,996
29,382 -0,289 0,875
29,407 -0,155 0,753
29,432 -0,067 0,607
29,459 0,044 0,486
29,484 0,178 0,316
29,509 0,289 0,194
29,535 0,422 0,024
29,560 0,555 -0,097
29,586 0,688 -0,243
29,611 0,844 -0,389
29,637 0,955 -0,510
29,662 1,066 -0,680
29,687 1,199 -0,802
29,712 1,288 -0,923
29,738 1,421 -1,045
29,763 1,465 -1,142
29,788 1,532 -1,191
29,814 1,598 -1,288
29,839 1,643 -1,337
29,864 1,643 -1,385
29,890 1,709 -1,434
29,915 1,687 -1,434
29,940 1,687 -1,434
29,965 1,665 -1,409
29,990 1,621 -1,361
30,015 1,576 -1,337
30,041 1,532 -1,288
30,066 1,443 -1,191
30,091 1,376 -1,118
30,116 1,288 -0,996
30,141 1,177 -0,875
30,166 1,088 -0,778
30,191 0,955 -0,656
30,217 0,844 -0,535
30,243 0,688 -0,413
30,268 0,577 -0,243
30,294 0,444 -0,097
30,319 0,333 0,049
30,345 0,178 0,194
30,370 0,067 0,340
30,395 -0,067 0,462
30,420 -0,155 0,632
30,445 -0,289 0,729
30,470 -0,377 0,826
30,495 -0,488 0,948
30,520 -0,555 1,045
30,545 -0,622 1,142
30,570 -0,666 1,191
30,595 -0,710 1,239
30,620 -0,733 1,312
30,645 -0,777 1,337
30,670 -0,755 1,337
30,695 -0,777 1,337
30,720 -0,733 1,312
30,745 -0,710 1,288
30,770 -0,644 1,264
30,795 -0,599 1,191
30,820 -0,533 1,142
30,845 -0,444 1,045
30,870 -0,333 0,972
30,895 -0,244 0,826
30,920 -0,133 0,729
30,945 0,000 0,583
30,971 0,111 0,486
30,996 0,244 0,340
31,021 0,355 0,194
31,046 0,511 0,049
31,071 0,622 -0,097
31,096 0,733 -0,219
31,122 0,866 -0,389
31,147 1,021 -0,510
31,172 1,110 -0,656
31,197 1,221 -0,778
31,222 1,310 -0,875
31,247 1,421 -0,972
31,272 1,487 -1,093
31,297 1,554 -1,142
31,322 1,621 -1,215
31,347 1,687 -1,288
31,372 1,687 -1,337
31,398 1,687 -1,337
31,423 1,687 -1,361
31,448 1,709 -1,385
31,473 1,665 -1,385
31,498 1,665 -1,361
31,523 1,576 -1,312
31,548 1,532 -1,239
31,573 1,443 -1,191
31,598 1,399 -1,093
31,623 1,288 -1,021
31,648 1,199 -0,875
31,673 1,066 -0,778
31,698 0,955 -0,656
31,724 0,844 -0,583
31,749 0,710 -0,389
31,774 0,577 -0,267
31,799 0,466 -0,121
31,825 0,311 0,024
31,850 0,200 0,170
31,876 0,044 0,267
31,901 -0,067 0,413
31,926 -0,200 0,559
31,951 -0,311 0,680
31,976 -0,400 0,802
32,001 -0,488 0,875
32,027 -0,555 0,996
32,052 -0,622 1,069
32,078 -0,644 1,166
32,104 -0,733 1,215
32,129 -0,755 1,288
32,155 -0,799 1,312
32,180 -0,777 1,288
32,205 -0,777 1,312
32,230 -0,733 1,288
32,255 -0,710 1,264
32,281 -0,644 1,215
32,307 -0,599 1,166
32,332 -0,511 1,069
32,358 -0,422 1,021
32,383 -0,333 0,899
32,408 -0,222 0,826
32,434 -0,133 0,705
32,459 0,000 0,559
32,484 0,133 0,413
32,509 0,289 0,340
32,535 0,377 0,170
32,560 0,533 0,049
32,587 0,666 -0,097
32,612 0,799 -0,243
32,639 0,932 -0,364
32,664 1,066 -0,535
32,689 1,199 -0,656
32,714 1,265 -0,778
32,739 1,376 -0,875
32,764 1,421 -0,972
32,789 1,532 -1,045
32,814 1,576 -1,142
32,840 1,665 -1,215
32,865 1,687 -1,288
32,890 1,732 -1,312
32,915 1,709 -1,337
32,940 1,732 -1,312
32,965 1,687 -1,337
32,990 1,687 -1,312
33,015 1,643 -1,288
33,040 1,598 -1,239
33,065 1,510 -1,191
33,090 1,443 -1,118
33,115 1,354 -1,045
33,141 1,265 -0,899
33,166 1,132 -0,826
33,191 1,021 -0,729
33,216 0,888 -0,583
33,242 0,755 -0,510
33,267 0,666 -0,364
33,292 0,533 -0,243
33,317 0,400 -0,073
33,342 0,244 0,049
33,367 0,133 0,194
33,392 0,000 0,316
33,418 -0,089 0,462
33,443 -0,244 0,559
33,468 -0,333 0,705
33,493 -0,444 0,802
33,518 -0,511 0,948
33,544 -0,599 0,996
33,570 -0,644 1,069
33,595 -0,733 1,142
33,620 -0,755 1,191
33,646 -0,799 1,239
33,671 -0,799 1,239
33,698 -0,821 1,264
33,723 -0,799 1,239
33,748 -0,733 1,239
33,773 -0,710 1,191
33,798 -0,622 1,191
33,823 -0,599 1,093
33,848 -0,511 1,045
33,873 -0,422 0,948
33,898 -0,289 0,875
33,923 -0,222 0,778
33,948 -0,111 0,680
33,973 0,000 0,535
33,998 0,155 0,389
34,023 0,266 0,243
34,048 0,422 0,146
34,074 0,555 0,000
34,099 0,688 -0,146
34,124 0,799 -0,292
34,149 0,955 -0,413
34,174 1,066 -0,559
34,199 1,199 -0,656
34,224 1,265 -0,753
34,249 1,399 -0,850
34,274 1,465 -0,948
34,299 1,554 -1,021
34,325 1,621 -1,093
34,350 1,687 -1,142
34,378 1,709 -1,215
34,403 1,732 -1,288
34,428 1,776 -1,288
34,453 1,732 -1,288
34,479 1,732 -1,264
34,504 1,687 -1,288
34,530 1,643 -1,215
34,555 1,576 -1,191
34,580 1,532 -1,118
34,605 1,443 -1,069
34,630 1,332 -0,972
34,657 1,221 -0,875
34,683 1,110 -0,778
34,708 1,021 -0,656
34,733 0,866 -0,559
34,758 0,733 -0,389
34,784 0,599 -0,292
34,810 0,488 -0,146
34,835 0,355 -0,049
34,860 0,244 0,121
34,885 0,089 0,219
34,910 -0,044 0,340
34,936 -0,178 0,462
34,961 -0,289 0,607
34,986 -0,377 0,729
35,012 -0,466 0,802
35,037 -0,555 0,899
35,062 -0,622 0,996
35,087 -0,688 1,069
35,113 -0,755 1,142
35,139 -0,799 1,191
35,165 -0,821 1,191
35,190 -0,799 1,215
35,215 -0,821 1,215
35,240 -0,777 1,215
35,265 -0,777 1,166
35,290 -0,688 1,142
35,315 -0,644 1,069
35,340 -0,577 1,045
35,365 -0,511 0,948
35,390 -0,400 0,875
35,418 -0,311 0,778
35,443 -0,178 0,656
35,468 -0,044 0,559
35,493 0,067 0,437
35,518 0,200 0,340
35,543 0,333 0,170
35,568 0,488 0,073
35,593 0,599 -0,073
35,618 0,733 -0,170
35,643 0,844 -0,316
35,668 0,999 -0,437
35,693 1,110 -0,583
35,718 1,221 -0,680
35,743 1,332 -0,802
35,768 1,421 -0,875
35,793 1,487 -0,972
35,818 1,576 -1,045
35,843 1,621 -1,142
35,868 1,687 -1,166
35,893 1,732 -1,239
35,918 1,776 -1,239
35,943 1,754 -1,288
35,968 1,732 -1,239
35,993 1,732 -1,264
36,018 1,709 -1,215
36,043 1,621 -1,191
36,068 1,598 -1,118
36,093 1,510 -1,069
36,118 1,443 -0,996
36,143 1,332 -0,923
36,168 1,243 -0,802
36,193 1,110 -0,705
36,218 1,021 -0,583
36,243 0,910 -0,510
36,268 0,777 -0,389
36,293 0,644 -0,267
36,318 0,511 -0,097
36,343 0,355 0,024
36,368 0,244 0,146
36,393 0,111 0,243
36,418 0,022 0,364
36,443 -0,155 0,462
36,469 -0,244 0,607
36,494 -0,400 0,729
36,520 -0,466 0,826
36,545 -0,577 0,899
36,570 -0,599 0,996
36,596 -0,710 1,069
36,621 -0,755 1,093
36,646 -0,799 1,118
36,672 -0,821 1,166
36,697 -0,821 1,191
36,722 -0,844 1,191
36,748 -0,799 1,191
36,773 -0,777 1,118
36,798 -0,710 1,118
36,823 -0,666 1,021
36,848 -0,577 0,996
36,873 -0,511 0,923
36,898 -0,400 0,850
36,923 -0,333 0,753
36,948 -0,222 0,656
36,973 -0,111 0,510
36,998 0,022 0,413
37,024 0,155 0,292
37,049 0,289 0,170
37,074 0,422 0,024
37,099 0,555 -0,097
37,124 0,688 -0,243
37,149 0,844 -0,340
37,174 0,932 -0,462
37,199 1,066 -0,583
37,224 1,177 -0,680
37,250 1,310 -0,778
37,275 1,376 -0,875
37,300 1,487 -0,948
37,325 1,576 -1,045
37,350 1,643 -1,118
37,376 1,665 -1,166
37,401 1,687 -1,191
37,427 1,732 -1,239
37,453 1,732 -1,239
37,478 1,732 -1,215
37,503 1,732 -1,239
37,528 1,732 -1,166
37,553 1,665 -1,142
37,578 1,621 -1,069
37,603 1,532 -1,045
37,628 1,465 -0,948
37,653 1,354 -0,875
37,678 1,265 -0,753
37,703 1,154 -0,680
37,728 1,043 -0,535
37,753 0,910 -0,462
37,778 0,799 -0,316
37,805 0,644 -0,219
37,830 0,533 -0,073
37,855 0,355 0,049
37,880 0,266 0,170
37,906 0,133 0,292
37,931 0,022 0,413
37,956 -0,133 0,535
37,981 -0,244 0,656
38,007 -0,377 0,753
38,032 -0,488 0,826
38,057 -0,533 0,923
38,082 -0,622 0,972
38,107 -0,688 1,069
38,132 -0,733 1,093
38,158 -0,777 1,118
38,184 -0,821 1,166
38,209 -0,799 1,166
38,234 -0,821 1,166
38,260 -0,799 1,166
38,285 -0,755 1,093
38,311 -0,710 1,069
38,337 -0,666 0,996
38,362 -0,577 0,923
38,387 -0,511 0,875
38,412 -0,422 0,778
38,437 -0,311 0,705
38,462 -0,222 0,559
38,487 -0,089 0,462
38,512 0,000 0,340
38,537 0,178 0,219
38,562 0,311 0,073
38,587 0,422 -0,024
38,612 0,555 -0,170
38,638 0,666 -0,267
38,663 0,821 -0,389
38,688 0,955 -0,486
38,713 1,066 -0,632
38,738 1,199 -0,729
38,763 1,265 -0,826
38,788 1,399 -0,899
38,813 1,465 -0,996
38,838 1,554 -1,045
38,863 1,598 -1,093
38,888 1,687 -1,118
38,914 1,687 -1,191
38,939 1,732 -1,215
38,965 1,732 -1,239
38,990 1,754 -1,215
39,015 1,709 -1,215
39,040 1,687 -1,166
39,065 1,643 -1,142
39,090 1,598 -1,069
39,115 1,532 -0,996
39,140 1,465 -0,899
39,165 1,354 -0,826
39,190 1,288 -0,729
39,215 1,154 -0,632
39,240 1,043 -0,510
39,265 0,910 -0,413
39,290 0,821 -0,267
39,315 0,666 -0,170
39,340 0,555 -0,049
39,365 0,400 0,073
39,390 0,289 0,219
39,415 0,155 0,316
39,441 0,022 0,462
39,466 -0,111 0,559
39,491 -0,222 0,656
39,517 -0,355 0,778
39,542 -0,444 0,850
39,567 -0,511 0,948
39,592 -0,577 1,021
39,617 -0,644 1,093
39,643 -0,710 1,093
39,668 -0,755 1,166
39,693 -0,777 1,166
39,718 -0,777 1,166
39,743 -0,799 1,142
39,768 -0,777 1,142
39,793 -0,777 1,093
39,818 -0,710 1,069
39,843 -0,688 0,996
39,868 -0,599 0,948
39,893 -0,533 0,850
39,918 -0,422 0,778
39,943 -0,333 0,656
39,969 -0,222 0,559
39,994 -0,133 0,437
40,019 0,000 0,316
40,044 0,133 0,170
40,069 0,289 0,073
40,094 0,400 -0,049
40,119 0,533 -0,170
40,144 0,644 -0,292
40,170 0,799 -0,389
40,195 0,910 -0,535
40,220 1,043 -0,632
40,245 1,132 -0,753
40,270 1,243 -0,826
40,295 1,310 -0,923
40,320 1,443 -0,996
40,345 1,510 -1,069
40,370 1,598 -1,118
40,395 1,621 -1,166
40,420 1,665 -1,191
40,445 1,709 -1,215
40,470 1,709 -1,215
40,495 1,687 -1,215
40,520 1,687 -1,166
40,545 1,687 -1,142
40,571 1,665 -1,118
40,597 1,598 -1,045
40,622 1,510 -0,972
40,647 1,443 -0,899
40,672 1,354 -0,826
40,698 1,265 -0,729
40,723 1,154 -0,607
40,748 1,066 -0,486
40,773 0,932 -0,389
40,798 0,821 -0,267
40,823 0,710 -0,146
40,848 0,577 0,000
40,873 0,444 0,121
40,898 0,311 0,243
40,923 0,178 0,340
40,948 0,089 0,486
40,973 -0,044 0,559
40,998 -0,155 0,680
41,023 -0,289 0,778
41,048 -0,355 0,899
41,074 -0,466 0,948
41,100 -0,533 1,021
41,125 -0,644 1,069
41,150 -0,644 1,142
41,175 -0,733 1,142
41,200 -0,755 1,191
41,225 -0,777 1,191
41,250 -0,755 1,166
41,275 -0,755 1,142
41,300 -0,710 1,093
41,325 -0,688 1,045
41,350 -0,644 0,996
41,375 -0,599 0,923
41,400 -0,511 0,850
41,427 -0,422 0,753
41,452 -0,355 0,607
41,478 -0,222 0,535
41,503 -0,133 0,389
41,528 0,000 0,292
41,553 0,111 0,170
41,578 0,244 0,073
41,603 0,333 -0,073
41,628 0,511 -0,194
41,653 0,599 -0,340
41,678 0,733 -0,437
41,703 0,866 -0,559
41,728 1,021 -0,656
41,753 1,110 -0,778
41,778 1,199 -0,850
41,803 1,265 -0,948
41,828 1,399 -1,021
41,853 1,465 -1,093
41,878 1,554 -1,142
41,903 1,576 -1,191
41,928 1,643 -1,191
41,954 1,643 -1,239
41,979 1,687 -1,215
42,004 1,665 -1,239
42,029 1,665 -1,191
42,054 1,665 -1,191
42,079 1,643 -1,118
42,104 1,576 -1,093
42,129 1,510 -0,996
42,154 1,421 -0,899
42,179 1,354 -0,802
42,205 1,243 -0,729
42,230 1,177 -0,583
42,257 1,043 -0,486
42,282 0,932 -0,389
42,308 0,844 -0,243
42,333 0,710 -0,146
42,359 0,599 0,024
42,384 0,444 0,121
42,409 0,311 0,292
42,435 0,200 0,364
42,460 0,089 0,510
42,485 -0,067 0,607
42,510 -0,155 0,729
42,535 -0,266 0,826
42,560 -0,355 0,923
42,585 -0,444 0,996
42,610 -0,488 1,045
42,635 -0,577 1,069
42,660 -0,622 1,142
42,685 -0,666 1,142
42,710 -0,666 1,166
42,736 -0,710 1,166
42,761 -0,733 1,142
42,787 -0,733 1,118
42,812 -0,688 1,093
42,837 -0,622 1,069
42,863 -0,599 0,996
42,888 -0,533 0,923
42,913 -0,466 0,826
42,939 -0,377 0,753
42,964 -0,289 0,607
42,989 -0,200 0,510
43,014 -0,111 0,389
43,039 0,022 0,267
43,064 0,133 0,146
43,089 0,266 0,024
43,114 0,355 -0,097
43,139 0,511 -0,219
43,165 0,599 -0,340
43,190 0,755 -0,486
43,215 0,866 -0,632
43,241 0,977 -0,705
43,267 1,066 -0,802
43,292 1,177 -0,923
43,317 1,265 -0,996
43,342 1,354 -1,069
43,367 1,443 -1,142
43,392 1,487 -1,191
43,418 1,554 -1,215
43,444 1,576 -1,264
43,469 1,621 -1,239
43,494 1,598 -1,239
43,519 1,643 -1,239
43,544 1,621 -1,215
43,569 1,598 -1,142
43,594 1,576 -1,142
43,619 1,532 -1,021
43,644 1,465 -0,972
43,669 1,376 -0,875
43,694 1,310 -0,826
43,719 1,221 -0,680
43,744 1,132 -0,583
43,769 1,066 -0,486
43,795 0,932 -0,340
43,820 0,799 -0,219
43,845 0,666 -0,097
43,870 0,533 0,049
43,895 0,400 0,170
43,920 0,333 0,292
43,945 0,200 0,413
43,970 0,089 0,535
43,997 -0,022 0,632
44,022 -0,155 0,778
44,047 -0,244 0,850
44,072 -0,333 0,923
44,097 -0,422 1,021
44,122 -0,488 1,045
44,147 -0,533 1,118
44,172 -0,599 1,166
44,197 -0,644 1,166
44,222 -0,666 1,191
44,247 -0,644 1,215
44,272 -0,688 1,191
44,297 -0,688 1,191
44,322 -0,666 1,118
44,347 -0,599 1,045
44,372 -0,533 0,996
44,397 -0,488 0,923
44,422 -0,444 0,826
44,448 -0,333 0,729
44,473 -0,266 0,607
44,498 -0,178 0,510
44,523 -0,067 0,413
44,548 0,044 0,292
44,573 0,133 0,146
44,598 0,266 0,049
44,623 0,355 -0,097
44,648 0,511 -0,219
44,673 0,599 -0,364
44,698 0,733 -0,462
44,723 0,844 -0,607
44,748 0,977 -0,680
44,773 1,066 -0,826
44,798 1,177 -0,899
44,824 1,243 -1,021
44,849 1,332 -1,045
44,875 1,399 -1,142
44,900 1,465 -1,166
44,925 1,510 -1,215
44,950 1,554 -1,215
44,975 1,576 -1,288
45,000 1,598 -1,264
45,025 1,576 -1,264
45,050 1,598 -1,215
45,075 1,554 -1,191
45,100 1,532 -1,118
45,125 1,487 -1,069
45,150 1,443 -0,996
45,176 1,354 -0,923
45,202 1,288 -0,826
45,227 1,199 -0,680
45,252 1,088 -0,607
45,277 0,999 -0,486
45,302 0,866 -0,364
45,327 0,755 -0,219
45,352 0,644 -0,097
45,377 0,533 0,024
45,402 0,422 0,146
45,427 0,333 0,267
45,452 0,200 0,389
45,477 0,089 0,535
45,502 -0,022 0,632
45,527 -0,133 0,753
45,552 -0,222 0,826
45,577 -0,311 0,923
45,602 -0,377 0,996
45,627 -0,444 1,069
45,652 -0,511 1,118
45,677 -0,555 1,166
45,702 -0,577 1,191
45,727 -0,599 1,191
45,752 -0,644 1,191
45,778 -0,644 1,215
45,803 -0,622 1,191
45,828 -0,577 1,142
45,854 -0,577 1,069
45,879 -0,511 1,021
45,904 -0,466 0,948
45,930 -0,377 0,875
45,955 -0,311 0,753
45,980 -0,222 0,680
46,007 -0,155 0,535
46,032 -0,044 0,389
46,057 0,067 0,292
46,082 0,178 0,170
46,107 0,289 0,049
46,132 0,377 -0,097
46,158 0,511 -0,194
46,183 0,644 -0,364
46,208 0,755 -0,462
46,233 0,844 -0,583
46,258 0,977 -0,680
46,283 1,066 -0,826
46,308 1,154 -0,875
46,333 1,243 -0,972
46,358 1,332 -1,045
46,383 1,376 -1,142
46,408 1,465 -1,166
46,433 1,487 -1,239
46,458 1,532 -1,239
46,483 1,554 -1,288
46,508 1,554 -1,264
46,533 1,532 -1,288
46,558 1,554 -1,215
46,583 1,510 -1,215
46,608 1,510 -1,142
46,633 1,443 -1,093
46,658 1,399 -0,996
46,683 1,310 -0,923
46,708 1,243 -0,826
46,733 1,132 -0,753
46,758 1,066 -0,632
46,784 0,955 -0,510
46,809 0,866 -0,389
46,834 0,733 -0,267
46,859 0,644 -0,121
46,884 0,533 -0,024
46,909 0,422 0,121
46,934 0,289 0,243
46,961 0,200 0,340
46,986 0,067 0,462
47,011 -0,022 0,583
47,037 -0,133 0,705
47,062 -0,222 0,826
47,087 -0,289 0,923
47,112 -0,377 0,996
47,137 -0,444 1,069
47,162 -0,488 1,118
47,187 -0,533 1,166
47,212 -0,577 1,166
47,237 -0,599 1,215
47,262 -0,599 1,166
47,288 -0,599 1,215
47,313 -0,577 1,166
47,338 -0,533 1,166
47,364 -0,533 1,093
47,389 -0,488 1,069
47,414 -0,422 0,948
47,439 -0,333 0,899
47,465 -0,289 0,802
47,490 -0,178 0,705
47,516 -0,111 0,559
47,541 0,000 0,462
47,567 0,089 0,316
47,592 0,222 0,170
47,617 0,355 0,049
47,642 0,422 -0,073
47,667 0,555 -0,194
47,692 0,644 -0,316
47,718 0,755 -0,462
47,743 0,844 -0,583
47,768 0,977 -0,680
47,793 1,088 -0,802
47,818 1,177 -0,899
47,843 1,243 -0,996
47,869 1,332 -1,045
47,894 1,354 -1,118
47,919 1,443 -1,166
47,944 1,487 -1,239
47,969 1,510 -1,239
47,994 1,510 -1,264
48,019 1,532 -1,264
48,044 1,532 -1,264
48,069 1,510 -1,215
48,094 1,487 -1,215
48,121 1,465 -1,166
48,147 1,376 -1,093
48,172 1,310 -1,021
48,198 1,265 -0,923
48,223 1,177 -0,850
48,248 1,110 -0,729
48,273 0,999 -0,656
48,298 0,910 -0,510
48,323 0,799 -0,413
48,348 0,688 -0,243
48,373 0,599 -0,146
48,398 0,488 0,000
48,423 0,377 0,121
48,448 0,266 0,267
48,473 0,133 0,364
48,498 0,044 0,510
48,523 -0,067 0,583
48,548 -0,133 0,705
48,573 -0,244 0,802
48,598 -0,289 0,899
48,623 -0,400 0,972
48,648 -0,444 1,045
48,673 -0,511 1,093
48,698 -0,533 1,166
48,723 -0,555 1,191
48,748 -0,577 1,215
48,773 -0,577 1,215
48,798 -0,577 1,215
48,824 -0,555 1,166
48,849 -0,533 1,142
48,875 -0,511 1,093
48,900 -0,444 1,045
48,925 -0,400 0,972
48,950 -0,311 0,875
48,975 -0,244 0,778
49,000 -0,155 0,729
49,027 -0,044 0,559
49,052 0,067 0,437
49,077 0,155 0,316
49,102 0,266 0,194
49,127 0,377 0,097
49,152 0,466 -0,049
49,177 0,577 -0,170
49,202 0,688 -0,316
49,228 0,777 -0,437
49,253 0,888 -0,583
49,278 0,999 -0,656
49,303 1,088 -0,778
49,328 1,177 -0,875
49,353 1,243 -0,972
49,378 1,332 -1,021
49,403 1,376 -1,093
49,428 1,443 -1,118
49,453 1,465 -1,191
49,478 1,487 -1,215
49,503 1,487 -1,264
49,528 1,510 -1,264
49,553 1,510 -1,264
49,578 1,510 -1,215
49,603 1,465 -1,191
49,628 1,443 -1,142
49,653 1,354 -1,093
49,678 1,310 -0,996
49,703 1,243 -0,948
49,728 1,177 -0,850
49,753 1,043 -0,753
49,778 0,977 -0,656
49,803 0,866 -0,559
49,828 0,799 -0,437
49,853 0,666 -0,316
49,878 0,577 -0,170
49,904 0,466 -0,073
49,929 0,377 0,073
49,954 0,244 0,194
49,979 0,133 0,340
50,005 0,000 0,462
50,030 -0,067 0,559
50,056 -0,178 0,656
50,081 -0,244 0,778
50,107 -0,311 0,875
50,132 -0,400 0,948
50,157 -0,444 1,021
50,182 -0,488 1,069
50,208 -0,533 1,093
50,233 -0,577 1,142
50,258 -0,577 1,166
50,283 -0,577 1,166
50,308 -0,555 1,191
50,333 -0,555 1,142
50,358 -0,511 1,142
50,383 -0,488 1,093
50,408 -0,422 1,045
50,434 -0,355 0,948
50,459 -0,244 0,875
50,484 -0,200 0,778
50,509 -0,089 0,680
50,535 -0,022 0,583
50,560 0,089 0,462
50,586 0,178 0,316
50,611 0,289 0,219
50,637 0,400 0,097
50,662 0,511 -0,024
50,687 0,622 -0,146
50,712 0,733 -0,292
50,737 0,844 -0,413
50,762 0,932 -0,535
50,788 1,021 -0,632
50,813 1,110 -0,753
50,839 1,243 -0,826
50,864 1,288 -0,923
50,889 1,354 -0,996
50,914 1,399 -1,069
50,939 1,443 -1,118
50,965 1,465 -1,191
50,990 1,510 -1,215
51,017 1,510 -1,239
51,042 1,510 -1,239
51,067 1,510 -1,239
51,093 1,487 -1,191
51,118 1,443 -1,166
51,143 1,399 -1,142
51,169 1,354 -1,069
51,194 1,265 -0,996
51,219 1,221 -0,899
51,244 1,110 -0,826
51,269 1,021 -0,729
51,296 0,910 -0,656
51,321 0,821 -0,510
51,347 0,710 -0,413
51,372 0,622 -0,292
51,397 0,488 -0,170
51,422 0,400 -0,049
51,448 0,266 0,073
51,473 0,155 0,219
51,498 0,067 0,340
51,524 -0,044 0,437
51,549 -0,133 0,583
51,575 -0,222 0,656
51,601 -0,289 0,778
51,626 -0,400 0,850
51,651 -0,444 0,948
51,677 -0,488 0,996
51,702 -0,533 1,069
51,727 -0,577 1,118
51,752 -0,577 1,118
51,777 -0,599 1,166
51,802 -0,555 1,142
51,827 -0,555 1,142
51,852 -0,533 1,093
51,877 -0,511 1,069
51,902 -0,466 1,045
51,927 -0,400 0,972
51,952 -0,311 0,899
51,977 -0,244 0,826
52,002 -0,155 0,729
52,027 -0,067 0,632
52,052 0,022 0,535
52,077 0,133 0,413
52,102 0,222 0,316
52,128 0,333 0,219
52,153 0,466 0,073
52,178 0,577 -0,024
52,203 0,688 -0,170
52,228 0,799 -0,267
52,253 0,888 -0,437
52,278 0,977 -0,510
52,303 1,066 -0,607
52,328 1,177 -0,705
52,353 1,243 -0,802
52,379 1,332 -0,875
52,404 1,376 -0,972
52,429 1,465 -1,021
52,454 1,487 -1,093
52,479 1,510 -1,118
52,504 1,532 -1,191
52,529 1,532 -1,191
52,554 1,532 -1,191
52,579 1,532 -1,166
52,604 1,487 -1,191
52,629 1,465 -1,118
52,655 1,376 -1,118
52,680 1,332 -1,021
52,706 1,265 -0,996
52,732 1,199 -0,899
52,757 1,088 -0,802
52,782 0,999 -0,705
52,807 0,888 -0,632
52,832 0,821 -0,510
52,857 0,688 -0,389
52,882 0,577 -0,292
52,908 0,466 -0,146
52,933 0,355 -0,049
52,958 0,266 0,073
52,983 0,133 0,194
53,008 0,044 0,316
53,033 -0,089 0,437
53,058 -0,133 0,535
53,084 -0,244 0,632
53,109 -0,311 0,753
53,134 -0,422 0,826
53,159 -0,466 0,899
53,185 -0,533 0,972
53,210 -0,533 1,045
53,237 -0,599 1,069
53,262 -0,599 1,069
53,287 -0,599 1,093
53,313 -0,599 1,118
53,338 -0,555 1,118
53,363 -0,555 1,093
53,388 -0,488 1,045
53,413 -0,444 1,021
53,438 -0,377 0,972
53,463 -0,333 0,899
53,488 -0,244 0,802
53,513 -0,155 0,705
53,538 -0,067 0,632
53,563 0,044 0,510
53,588 0,155 0,437
53,613 0,244 0,292
53,638 0,377 0,194
53,663 0,488 0,073
53,688 0,599 -0,049
53,713 0,710 -0,194
53,738 0,821 -0,292
53,763 0,888 -0,389
53,788 0,999 -0,486
53,813 1,088 -0,632
53,839 1,221 -0,705
53,864 1,265 -0,802
53,889 1,376 -0,850
53,915 1,421 -0,948
53,940 1,465 -1,021
53,965 1,487 -1,093
53,990 1,510 -1,093
54,017 1,532 -1,142
54,042 1,532 -1,142
54,067 1,532 -1,166
54,092 1,532 -1,142
54,117 1,487 -1,118
54,142 1,443 -1,093
54,169 1,399 -1,069
54,194 1,332 -1,021
54,219 1,243 -0,899
54,244 1,177 -0,875
54,269 1,110 -0,753
54,294 0,999 -0,680
54,319 0,910 -0,559
54,344 0,777 -0,486
54,369 0,666 -0,340
54,394 0,555 -0,267
54,419 0,466 -0,121
54,444 0,355 -0,049
54,470 0,244 0,097
54,496 0,111 0,194
54,521 0,000 0,340
54,546 -0,111 0,437
54,571 -0,155 0,559
54,596 -0,266 0,632
54,623 -0,355 0,753
54,648 -0,444 0,826
54,673 -0,488 0,875
54,698 -0,533 0,948
54,723 -0,577 0,972
54,748 -0,599 1,021
54,773 -0,599 1,045
54,799 -0,599 1,045
54,824 -0,622 1,045
54,849 -0,555 1,045
54,874 -0,555 1,021
54,899 -0,511 1,021
54,924 -0,444 0,948
54,949 -0,377 0,923
54,974 -0,333 0,850
54,999 -0,222 0,802
55,024 -0,155 0,680
55,049 -0,067 0,583
55,074 0,044 0,462
55,099 0,155 0,389
55,124 0,244 0,267
55,149 0,400 0,170
55,175 0,466 0,049
55,200 0,622 -0,073
55,226 0,710 -0,170
55,251 0,844 -0,267
55,277 0,932 -0,389
55,302 1,021 -0,486
55,327 1,132 -0,607
55,352 1,243 -0,680
55,378 1,288 -0,802
55,403 1,354 -0,875
55,428 1,421 -0,923
55,454 1,465 -0,996
55,479 1,510 -1,045
55,504 1,532 -1,093
55,529 1,576 -1,118
55,554 1,554 -1,118
55,580 1,576 -1,093
55,605 1,532 -1,118
55,630 1,510 -1,069
55,656 1,443 -1,069
55,681 1,399 -0,972
55,707 1,332 -0,948
55,732 1,265 -0,850
55,757 1,154 -0,802
55,783 1,088 -0,705
55,808 0,977 -0,607
55,834 0,866 -0,535
55,860 0,755 -0,413
55,885 0,644 -0,340
55,910 0,555 -0,194
55,936 0,422 -0,121
55,961 0,311 0,024
55,986 0,200 0,121
56,011 0,089 0,267
56,036 -0,067 0,340
56,061 -0,111 0,462
56,087 -0,244 0,559
56,112 -0,289 0,632
56,137 -0,355 0,705
56,162 -0,422 0,802
56,187 -0,511 0,850
56,213 -0,555 0,923
56,238 -0,577 0,972
56,263 -0,622 0,996
56,288 -0,622 0,996
56,313 -0,644 1,021
56,338 -0,622 0,996
56,363 -0,599 0,996
56,388 -0,555 0,972
56,413 -0,511 0,923
56,438 -0,466 0,875
56,465 -0,400 0,850
56,490 -0,311 0,778
56,515 -0,244 0,680
56,540 -0,133 0,632
56,565 -0,044 0,510
56,590 0,089 0,413
56,615 0,155 0,316
56,640 0,289 0,243
56,665 0,377 0,097
56,690 0,511 0,000
56,715 0,622 -0,121
56,740 0,755 -0,219
56,766 0,844 -0,316
56,791 0,955 -0,437
56,816 1,066 -0,535
56,841 1,177 -0,607
56,867 1,243 -0,705
56,892 1,332 -0,778
56,917 1,376 -0,850
56,942 1,443 -0,923
56,968 1,487 -0,972
56,993 1,532 -1,021
57,018 1,554 -1,069
57,043 1,576 -1,069
57,068 1,576 -1,069
57,093 1,576 -1,069
57,118 1,532 -1,045
57,144 1,510 -1,021
57,169 1,443 -0,972
57,194 1,376 -0,948
57,219 1,332 -0,875
57,244 1,243 -0,826
57,269 1,199 -0,729
57,294 1,088 -0,656
57,319 0,977 -0,559
57,344 0,866 -0,486
57,369 0,777 -0,364
57,394 0,666 -0,267
57,419 0,555 -0,146
57,444 0,444 -0,097
57,469 0,333 0,049
57,495 0,222 0,146
57,520 0,111 0,267
57,545 -0,022 0,340
57,570 -0,111 0,462
57,595 -0,200 0,535
57,620 -0,289 0,656
57,645 -0,377 0,729
57,670 -0,422 0,802
57,695 -0,488 0,850
57,720 -0,533 0,923
57,747 -0,599 0,948
57,772 -0,599 0,996
57,799 -0,622 0,996
57,825 -0,644 0,972
57,850 -0,599 1,021
57,877 -0,599 0,972
57,903 -0,555 0,948
57,928 -0,511 0,899
57,953 -0,466 0,850
57,978 -0,400 0,778
58,003 -0,311 0,729
58,028 -0,222 0,607
58,053 -0,133 0,535
58,078 -0,067 0,437
58,103 0,044 0,389
58,128 0,133 0,243
58,154 0,266 0,146
58,179 0,400 0,049
58,205 0,511 -0,073
58,230 0,622 -0,170
58,255 0,733 -0,292
58,280 0,844 -0,389
58,306 0,955 -0,486
58,331 1,066 -0,559
58,357 1,154 -0,656
58,383 1,243 -0,729
58,408 1,288 -0,826
58,433 1,399 -0,875
58,458 1,443 -0,948
58,483 1,510 -0,972
58,508 1,510 -0,996
58,533 1,554 -1,021
58,558 1,554 -1,069
58,583 1,576 -1,021
58,608 1,532 -1,045
58,633 1,532 -0,996
58,659 1,487 -0,972
58,684 1,443 -0,948
58,709 1,376 -0,899
58,734 1,332 -0,850
58,759 1,265 -0,778
58,785 1,177 -0,705
58,810 1,088 -0,607
58,835 0,977 -0,510
58,860 0,888 -0,389
58,885 0,755 -0,316
58,910 0,666 -0,194
58,937 0,555 -0,097
58,963 0,422 0,024
58,988 0,311 0,121
59,014 0,222 0,219
59,039 0,067 0,316
59,065 -0,022 0,389
59,090 -0,111 0,535
59,115 -0,222 0,559
59,140 -0,289 0,680
59,166 -0,377 0,778
59,192 -0,444 0,826
59,218 -0,511 0,850
59,244 -0,555 0,923
59,269 -0,599 0,972
59,294 -0,622 0,948
59,320 -0,622 0,972
59,345 -0,644 0,972
59,370 -0,599 0,948
59,395 -0,599 0,923
59,420 -0,555 0,899
59,446 -0,511 0,826
59,471 -0,422 0,802
59,497 -0,400 0,729
59,522 -0,289 0,632
59,547 -0,222 0,559
59,572 -0,133 0,486
59,598 -0,044 0,364
59,623 0,089 0,267
59,648 0,200 0,170
59,673 0,333 0,073
59,698 0,400 -0,049
59,723 0,533 -0,121
59,748 0,666 -0,243
59,773 0,755 -0,340
59,798 0,866 -0,462
59,823 0,977 -0,535
59,848 1,043 -0,607
59,873 1,154 -0,705
59,898 1,221 -0,802
59,923 1,332 -0,850
59,948 1,399 -0,948
59,973 1,443 -0,948
59,998 1,487 -0,996
60,023 1,532 -0,996
60,048 1,510 -1,021
60,073 1,554 -1,021
60,098 1,554 -1,045
60,123 1,554 -1,021
60,148 1,510 -0,996
60,173 1,510 -0,948
60,198 1,443 -0,899
60,223 1,376 -0,850
60,248 1,310 -0,802
60,273 1,243 -0,705
60,299 1,154 -0,632
60,324 1,066 -0,535
60,349 0,955 -0,437
60,374 0,866 -0,340
60,399 0,755 -0,267
60,424 0,666 -0,170
60,449 0,533 -0,073
60,475 0,444 0,049
60,500 0,333 0,170
60,525 0,222 0,267
60,550 0,133 0,340
60,575 -0,022 0,462
60,600 -0,089 0,535
60,625 -0,200 0,632
60,650 -0,289 0,705
60,676 -0,355 0,753
60,701 -0,400 0,850
60,726 -0,466 0,875
60,751 -0,511 0,923
60,776 -0,555 0,923
60,801 -0,555 0,972
60,826 -0,577 0,948
60,851 -0,599 0,972
60,877 -0,599 0,948
60,902 -0,577 0,923
60,927 -0,555 0,875
60,952 -0,488 0,826
60,977 -0,444 0,778
61,002 -0,377 0,729
61,027 -0,311 0,607
61,052 -0,200 0,559
61,077 -0,133 0,437
61,102 -0,044 0,364
61,127 0,044 0,243
61,152 0,155 0,170
61,178 0,244 0,073
61,204 0,377 -0,024
61,229 0,488 -0,146
61,255 0,599 -0,243
61,280 0,733 -0,364
61,305 0,821 -0,462
61,330 0,910 -0,535
61,355 0,999 -0,632
61,380 1,088 -0,705
61,405 1,177 -0,778
61,430 1,265 -0,850
61,455 1,310 -0,923
61,480 1,399 -0,972
61,505 1,421 -0,996
61,530 1,465 -1,021
61,555 1,487 -1,045
61,580 1,510 -1,045
61,605 1,510 -1,045
61,630 1,532 -0,996
61,656 1,510 -0,996
61,681 1,487 -0,948
61,706 1,443 -0,899
61,731 1,399 -0,826
61,756 1,310 -0,778
61,781 1,265 -0,680
61,807 1,154 -0,607
61,832 1,088 -0,510
61,857 0,955 -0,437
61,882 0,888 -0,316
61,907 0,799 -0,243
61,933 0,688 -0,121
61,958 0,555 0,000
61,983 0,466 0,121
62,008 0,333 0,194
62,033 0,244 0,292
62,058 0,111 0,389
62,083 0,044 0,486
62,108 -0,089 0,559
62,133 -0,178 0,680
62,159 -0,244 0,753
62,184 -0,311 0,826
62,210 -0,377 0,850
62,236 -0,444 0,899
62,262 -0,488 0,948
62,288 -0,533 0,972
62,313 -0,555 0,996
62,339 -0,577 0,972
62,364 -0,555 0,972
62,389 -0,555 0,948
62,414 -0,533 0,923
62,439 -0,511 0,875
62,464 -0,466 0,850
62,489 -0,422 0,753
62,516 -0,355 0,680
62,541 -0,266 0,607
62,568 -0,200 0,510
62,593 -0,111 0,462
62,618 -0,022 0,340
62,643 0,067 0,243
62,668 0,155 0,146
62,693 0,289 0,049
62,718 0,377 -0,097
62,743 0,488 -0,194
62,768 0,599 -0,316
62,793 0,733 -0,389
62,818 0,821 -0,510
62,843 0,932 -0,583
62,868 0,999 -0,680
62,893 1,132 -0,753
62,918 1,177 -0,826
62,943 1,265 -0,875
62,968 1,310 -0,948
62,993 1,376 -0,972
63,018 1,399 -1,021
63,043 1,465 -1,045
63,068 1,487 -1,069
63,093 1,510 -1,045
63,118 1,487 -1,069
63,143 1,510 -1,021
63,168 1,465 -1,021
63,193 1,465 -0,948
63,218 1,376 -0,875
63,243 1,354 -0,802
63,268 1,265 -0,753
63,293 1,199 -0,656
63,318 1,110 -0,607
63,343 1,088 -0,510
63,368 0,977 -0,413
63,393 0,888 -0,316
63,418 0,755 -0,219
63,443 0,688 -0,097
63,468 0,577 0,000
63,493 0,466 0,121
63,518 0,355 0,194
63,543 0,266 0,316
63,568 0,155 0,389
63,593 0,067 0,486
63,618 -0,044 0,559
63,643 -0,111 0,705
63,668 -0,200 0,753
63,693 -0,289 0,850
63,718 -0,355 0,875
63,743 -0,400 0,948
63,768 -0,466 0,972
63,793 -0,466 0,996
63,818 -0,488 0,972
63,843 -0,488 0,996
63,868 -0,533 0,996
63,893 -0,511 0,972
63,918 -0,511 0,923
63,943 -0,488 0,875
63,969 -0,444 0,826
63,995 -0,377 0,778
64,020 -0,355 0,705
64,045 -0,266 0,632
64,070 -0,200 0,510
64,095 -0,111 0,437
64,121 -0,044 0,316
64,147 0,044 0,219
64,173 0,178 0,146
64,198 0,266 0,049
64,223 0,377 -0,073
64,248 0,488 -0,219
64,273 0,599 -0,267
64,298 0,688 -0,389
64,323 0,777 -0,510
64,348 0,866 -0,632
64,373 0,977 -0,680
64,398 1,043 -0,778
64,424 1,132 -0,826
64,449 1,199 -0,899
64,474 1,288 -0,923
64,499 1,332 -1,021
64,524 1,376 -1,021
64,549 1,399 -1,069
64,575 1,421 -1,069
64,601 1,443 -1,093
64,626 1,443 -1,093
64,651 1,443 -1,045
64,677 1,421 -0,996
64,702 1,399 -0,972
64,727 1,332 -0,899
64,752 1,332 -0,826
64,779 1,243 -0,753
64,804 1,177 -0,632
64,830 1,110 -0,607
64,855 1,021 -0,486
64,880 0,932 -0,389
64,906 0,866 -0,292
64,931 0,755 -0,194
64,957 0,644 -0,073
64,983 0,555 0,073
65,008 0,422 0,146
65,033 0,311 0,267
65,058 0,244 0,340
65,083 0,155 0,462
65,108 0,044 0,535
65,133 -0,044 0,656
65,158 -0,133 0,705
65,183 -0,178 0,802
65,208 -0,266 0,850
65,234 -0,289 0,923
65,259 -0,400 0,948
65,284 -0,422 0,996
65,309 -0,466 0,996
65,334 -0,488 1,045
65,359 -0,511 1,021
65,385 -0,488 0,996
65,410 -0,511 0,972
65,435 -0,444 0,948
65,460 -0,466 0,875
65,487 -0,377 0,826
65,512 -0,311 0,778
65,537 -0,311 0,705
65,562 -0,200 0,607
65,587 -0,155 0,510
65,612 -0,089 0,413
65,637 0,000 0,292
65,662 0,111 0,243
65,688 0,200 0,121
65,713 0,333 0,000
65,738 0,400 -0,121
65,764 0,488 -0,219
65,790 0,599 -0,316
65,815 0,710 -0,413
65,840 0,799 -0,559
65,865 0,910 -0,607
65,890 0,977 -0,705
65,916 1,066 -0,753
65,941 1,154 -0,875
65,966 1,199 -0,923
65,991 1,243 -0,972
66,017 1,310 -1,021
66,042 1,354 -1,045
66,067 1,354 -1,069
66,092 1,399 -1,069
66,117 1,399 -1,069
66,142 1,421 -1,069
66,167 1,399 -1,045
66,192 1,376 -0,972
66,217 1,332 -0,972
66,242 1,288 -0,899
66,267 1,243 -0,850
66,292 1,199 -0,778
66,317 1,132 -0,705
66,342 1,088 -0,607
66,367 0,977 -0,510
66,392 0,910 -0,413
66,418 0,799 -0,316
66,443 0,710 -0,170
66,468 0,622 -0,073
66,493 0,533 0,049
66,518 0,422 0,146
66,543 0,333 0,243
66,568 0,222 0,340
66,593 0,133 0,462
66,618 0,022 0,559
66,643 -0,044 0,656
66,668 -0,155 0,729
66,693 -0,200 0,826
66,718 -0,266 0,850
66,743 -0,289 0,899
66,768 -0,355 0,948
66,793 -0,377 0,996
66,818 -0,422 0,996
66,843 -0,444 1,045
66,868 -0,466 1,021
66,893 -0,444 1,045
66,918 -0,422 0,996
66,943 -0,400 0,972
66,968 -0,400 0,899
66,993 -0,355 0,875
67,018 -0,311 0,778
67,043 -0,222 0,729
67,068 -0,200 0,632
67,093 -0,111 0,559
67,118 -0,044 0,462
67,144 0,044 0,340
67,169 0,133 0,219
67,195 0,244 0,146
67,220 0,333 0,000
67,245 0,422 -0,073
67,270 0,488 -0,194
67,295 0,622 -0,292
67,320 0,710 -0,413
67,345 0,821 -0,510
67,370 0,866 -0,607
67,395 0,999 -0,680
67,420 1,066 -0,802
67,447 1,132 -0,850
67,472 1,199 -0,923
67,497 1,243 -0,972
67,522 1,288 -1,021
67,548 1,310 -1,069
67,574 1,354 -1,069
67,600 1,354 -1,093
67,627 1,354 -1,069
67,652 1,376 -1,093
67,677 1,354 -1,045
67,702 1,354 -0,996
67,727 1,288 -0,972
67,752 1,265 -0,923
67,777 1,199 -0,875
67,802 1,132 -0,778
67,827 1,088 -0,705
67,853 1,021 -0,632
67,878 0,955 -0,535
67,903 0,866 -0,389
67,928 0,755 -0,292
67,953 0,688 -0,194
67,978 0,599 -0,097
68,003 0,511 0,024
68,028 0,400 0,121
68,053 0,311 0,243
68,078 0,178 0,340
68,104 0,111 0,437
68,129 0,000 0,535
68,154 -0,044 0,656
68,179 -0,133 0,705
68,205 -0,178 0,778
68,230 -0,266 0,850
68,255 -0,311 0,899
68,280 -0,355 0,948
68,305 -0,377 0,996
68,330 -0,400 1,021
68,355 -0,422 1,045
68,380 -0,444 1,021
68,406 -0,422 1,021
68,431 -0,422 0,996
68,458 -0,377 0,948
68,483 -0,333 0,899
68,508 -0,333 0,850
68,535 -0,266 0,802
68,561 -0,200 0,729
68,587 -0,111 0,607
68,612 -0,067 0,535
68,637 0,022 0,413
68,662 0,111 0,340
68,687 0,178 0,219
68,712 0,289 0,121
68,737 0,377 0,024
68,763 0,488 -0,097
68,788 0,577 -0,219
68,814 0,666 -0,316
68,839 0,755 -0,437
68,864 0,866 -0,535
68,889 0,932 -0,632
68,914 1,021 -0,680
68,939 1,066 -0,802
68,965 1,132 -0,826
68,990 1,199 -0,948
69,015 1,265 -0,972
69,040 1,288 -1,021
69,065 1,332 -1,045
69,090 1,354 -1,093
69,115 1,376 -1,069
69,140 1,332 -1,093
69,167 1,354 -1,069
69,192 1,332 -1,069
69,217 1,310 -1,045
69,242 1,265 -0,996
69,267 1,199 -0,923
69,292 1,154 -0,826
69,318 1,110 -0,778
69,343 1,043 -0,680
69,369 0,977 -0,632
69,394 0,910 -0,510
69,419 0,777 -0,413
69,444 0,733 -0,292
69,469 0,622 -0,194
69,495 0,555 -0,097
69,520 0,444 0,000
69,545 0,333 0,146
69,570 0,222 0,243
69,596 0,155 0,364
69,621 0,044 0,437
69,647 0,000 0,559
69,672 -0,089 0,656
69,698 -0,178 0,729
69,723 -0,222 0,826
69,748 -0,266 0,850
69,773 -0,311 0,923
69,798 -0,377 0,923
69,824 -0,377 0,996
69,849 -0,422 0,996
69,875 -0,400 1,021
69,900 -0,400 0,996
69,925 -0,377 0,996
69,950 -0,400 0,972
69,975 -0,333 0,948
70,000 -0,311 0,875
70,025 -0,244 0,850
70,050 -0,222 0,778
70,077 -0,111 0,705
70,103 -0,044 0,583
70,128 0,022 0,486
70,154 0,089 0,413
70,179 0,155 0,316
70,204 0,266 0,219
70,229 0,355 0,073
70,255 0,466 -0,024
70,280 0,555 -0,146
70,305 0,644 -0,219
70,330 0,710 -0,316
70,357 0,821 -0,413
70,382 0,888 -0,535
70,407 0,977 -0,632
70,432 1,066 -0,753
70,458 1,132 -0,826
70,483 1,177 -0,875
70,508 1,221 -0,923
70,534 1,288 -0,972
70,559 1,288 -1,021
70,585 1,332 -1,021
70,611 1,332 -1,069
70,636 1,354 -1,045
70,662 1,354 -1,093
70,687 1,332 -1,069
70,712 1,288 -1,045
70,737 1,265 -0,972
70,762 1,199 -0,948
70,787 1,177 -0,875
70,812 1,110 -0,802
70,837 1,043 -0,729
70,862 0,955 -0,680
70,887 0,888 -0,607
70,912 0,821 -0,510
70,938 0,733 -0,389
70,963 0,688 -0,267
70,988 0,555 -0,170
71,013 0,466 -0,049
71,038 0,377 0,049
71,063 0,289 0,146
71,088 0,200 0,243
71,113 0,111 0,340
71,138 0,022 0,437
71,163 -0,044 0,559
71,188 -0,133 0,632
71,213 -0,200 0,729
71,238 -0,266 0,753
71,263 -0,311 0,875
71,288 -0,355 0,899
71,313 -0,377 0,948
71,338 -0,400 0,972
71,363 -0,400 0,972
71,388 -0,400 0,972
71,413 -0,377 0,996
71,438 -0,377 0,948
71,463 -0,355 0,948
71,488 -0,355 0,923
71,513 -0,289 0,875
71,538 -0,244 0,802
71,563 -0,178 0,753
71,588 -0,133 0,680
71,613 -0,044 0,607
71,639 0,022 0,510
71,664 0,133 0,437
71,689 0,200 0,292
71,714 0,311 0,243
71,739 0,400 0,121
71,764 0,511 0,024
71,789 0,577 -0,097
71,815 0,688 -0,170
71,840 0,755 -0,292
71,865 0,866 -0,389
71,891 0,888 -0,510
71,916 0,977 -0,607
71,941 1,066 -0,705
71,968 1,154 -0,753
71,993 1,199 -0,826
72,018 1,221 -0,899
72,043 1,265 -0,923
72,068 1,288 -0,972
72,093 1,310 -0,996
72,118 1,332 -1,045
72,143 1,332 -1,045
72,168 1,332 -1,045
72,194 1,310 -1,021
72,219 1,288 -1,021
72,244 1,265 -0,972
72,270 1,199 -0,948
72,295 1,177 -0,850
72,320 1,110 -0,802
72,345 1,043 -0,753
72,370 0,955 -0,680
72,395 0,888 -0,559
72,420 0,799 -0,510
72,445 0,710 -0,389
72,470 0,599 -0,292
72,495 0,533 -0,170
72,520 0,444 -0,097
72,545 0,333 0,024
72,570 0,244 0,097
72,595 0,178 0,243
72,620 0,067 0,316
72,645 0,022 0,413
72,670 -0,089 0,486
72,695 -0,111 0,607
72,720 -0,200 0,680
72,745 -0,244 0,753
72,770 -0,289 0,802
72,795 -0,333 0,875
72,820 -0,377 0,899
72,845 -0,400 0,948
72,870 -0,400 0,948
72,895 -0,400 0,972
72,920 -0,400 0,972
72,945 -0,400 0,972
72,970 -0,377 0,948
72,995 -0,311 0,923
73,020 -0,289 0,875
73,045 -0,222 0,826
73,070 -0,178 0,729
73,096 -0,067 0,705
73,121 -0,022 0,583
73,146 0,067 0,486
73,171 0,133 0,389
73,196 0,244 0,340
73,221 0,289 0,243
73,247 0,422 0,146
73,273 0,511 0,024
73,298 0,622 -0,073
73,324 0,688 -0,194
73,349 0,777 -0,316
73,374 0,888 -0,364
73,399 0,955 -0,462
73,424 1,043 -0,559
73,449 1,088 -0,656
73,474 1,177 -0,705
73,499 1,199 -0,778
73,524 1,265 -0,826
73,549 1,288 -0,875
73,575 1,354 -0,923
73,600 1,354 -0,996
73,625 1,376 -0,972
73,650 1,354 -0,972
73,675 1,354 -0,972
73,700 1,310 -0,972
73,725 1,310 -0,948
73,751 1,265 -0,948
73,777 1,221 -0,899
73,802 1,154 -0,850
73,828 1,110 -0,802
73,854 1,021 -0,705
73,879 0,932 -0,632
73,905 0,866 -0,535
73,930 0,755 -0,486
73,955 0,710 -0,364
73,980 0,599 -0,292
74,005 0,533 -0,194
74,030 0,422 -0,097
74,056 0,333 0,024
74,081 0,222 0,097
74,107 0,155 0,219
74,132 0,044 0,316
74,158 -0,044 0,413
74,183 -0,111 0,486
74,208 -0,200 0,559
74,233 -0,266 0,607
74,258 -0,311 0,680
74,283 -0,333 0,778
74,308 -0,377 0,850
74,333 -0,422 0,899
74,358 -0,444 0,899
74,383 -0,444 0,899
74,408 -0,444 0,923
74,433 -0,422 0,923
74,458 -0,400 0,899
74,483 -0,355 0,875
74,508 -0,355 0,826
74,534 -0,311 0,802
74,559 -0,244 0,753
74,585 -0,155 0,705
74,611 -0,089 0,607
74,636 0,000 0,559
74,661 0,089 0,437
74,687 0,178 0,364
74,712 0,244 0,267
74,738 0,355 0,194
74,764 0,444 0,097
74,789 0,533 -0,024
74,815 0,644 -0,097
74,840 0,733 -0,219
74,865 0,844 -0,292
74,891 0,888 -0,413
74,916 0,999 -0,486
74,942 1,066 -0,583
74,968 1,132 -0,632
74,993 1,177 -0,729
75,018 1,221 -0,802
75,043 1,288 -0,850
75,068 1,310 -0,899
75,093 1,354 -0,923
75,118 1,354 -0,972
75,143 1,376 -0,996
75,168 1,354 -0,996
75,193 1,354 -0,972
75,218 1,332 -0,972
75,243 1,288 -0,923
75,268 1,243 -0,899
75,293 1,199 -0,875
75,318 1,132 -0,826
75,343 1,088 -0,753
75,368 0,999 -0,680
75,393 0,932 -0,632
75,418 0,866 -0,535
75,443 0,777 -0,437
75,468 0,666 -0,364
75,493 0,577 -0,267
75,518 0,466 -0,170
75,544 0,400 -0,097
75,569 0,311 0,024
75,594 0,222 0,170
75,620 0,111 0,219
75,645 0,022 0,340
75,670 -0,067 0,389
75,696 -0,133 0,486
75,721 -0,200 0,559
75,746 -0,244 0,632
75,771 -0,311 0,680
75,797 -0,355 0,753
75,822 -0,400 0,802
75,848 -0,400 0,850
75,873 -0,444 0,875
75,898 -0,466 0,875
75,923 -0,466 0,875
75,948 -0,444 0,850
75,973 -0,400 0,875
75,998 -0,400 0,850
76,023 -0,355 0,826
76,048 -0,289 0,778
76,073 -0,244 0,705
76,098 -0,155 0,632
76,123 -0,089 0,559
76,148 0,000 0,486
76,173 0,067 0,437
76,198 0,155 0,340
76,223 0,266 0,243
76,249 0,355 0,170
76,274 0,466 0,073
76,299 0,533 -0,024
76,325 0,666 -0,121
76,350 0,755 -0,219
76,375 0,844 -0,292
76,400 0,910 -0,389
76,426 1,021 -0,486
76,451 1,088 -0,583
76,476 1,154 -0,632
76,502 1,199 -0,680
76,527 1,265 -0,729
76,552 1,288 -0,826
76,577 1,354 -0,850
76,602 1,354 -0,899
76,627 1,399 -0,899
76,653 1,376 -0,923
76,678 1,376 -0,923
76,703 1,354 -0,923
76,728 1,354 -0,923
76,753 1,288 -0,923
76,778 1,243 -0,875
76,803 1,199 -0,826
76,828 1,154 -0,778
76,853 1,088 -0,705
76,878 1,021 -0,632
76,903 0,932 -0,583
76,929 0,844 -0,535
76,955 0,755 -0,389
76,980 0,666 -0,316
77,007 0,599 -0,219
77,033 0,488 -0,146
77,058 0,377 -0,049
77,083 0,266 0,049
77,108 0,178 0,146
77,133 0,111 0,219
77,158 0,000 0,316
77,183 -0,067 0,389
77,208 -0,155 0,486
77,234 -0,222 0,535
77,259 -0,289 0,607
77,284 -0,333 0,705
77,309 -0,400 0,729
77,334 -0,400 0,753
77,359 -0,466 0,802
77,384 -0,466 0,850
77,409 -0,466 0,850
77,435 -0,422 0,850
77,460 -0,444 0,850
77,487 -0,422 0,850
77,512 -0,377 0,778
77,537 -0,333 0,778
77,562 -0,266 0,729
77,587 -0,222 0,656
77,612 -0,155 0,583
77,637 -0,067 0,535
77,662 0,000 0,437
77,688 0,089 0,364
77,713 0,200 0,267
77,738 0,266 0,170
77,763 0,355 0,097
77,788 0,444 0,024
77,814 0,555 -0,073
77,839 0,644 -0,170
77,865 0,755 -0,219
77,890 0,844 -0,340
77,917 0,932 -0,413
77,942 0,999 -0,510
77,968 1,088 -0,559
77,993 1,154 -0,656
78,018 1,221 -0,705
78,043 1,265 -0,753
78,068 1,332 -0,802
78,093 1,376 -0,875
78,118 1,376 -0,875
78,143 1,376 -0,899
78,168 1,399 -0,899
78,193 1,376 -0,923
78,218 1,376 -0,899
78,244 1,354 -0,875
78,269 1,310 -0,826
78,294 1,288 -0,802
78,319 1,199 -0,753
78,344 1,154 -0,705
78,369 1,088 -0,656
78,394 1,021 -0,583
78,419 0,932 -0,510
78,444 0,844 -0,413
78,470 0,733 -0,340
78,496 0,688 -0,267
78,521 0,555 -0,170
78,546 0,466 -0,073
78,571 0,355 0,000
78,596 0,289 0,121
78,621 0,178 0,194
78,646 0,089 0,292
78,671 0,000 0,340
78,697 -0,067 0,437
78,723 -0,178 0,486
78,748 -0,200 0,535
78,773 -0,289 0,607
78,798 -0,333 0,705
78,823 -0,400 0,729
78,848 -0,400 0,778
78,873 -0,444 0,802
78,898 -0,444 0,802
78,924 -0,466 0,826
78,949 -0,466 0,802
78,974 -0,444 0,826
78,999 -0,400 0,778
79,024 -0,400 0,778
79,049 -0,355 0,729
79,074 -0,289 0,680
79,099 -0,244 0,607
79,124 -0,155 0,559
79,149 -0,111 0,462
79,174 0,000 0,413
79,199 0,067 0,340
79,224 0,155 0,267
79,249 0,266 0,170
79,274 0,377 0,073
79,299 0,444 -0,024
79,324 0,555 -0,097
79,349 0,644 -0,194
79,375 0,733 -0,267
79,400 0,821 -0,364
79,426 0,910 -0,413
79,451 0,977 -0,510
79,478 1,110 -0,583
79,504 1,177 -0,656
79,529 1,199 -0,729
79,555 1,265 -0,753
79,580 1,310 -0,802
79,605 1,354 -0,826
79,630 1,354 -0,875
79,655 1,421 -0,875
79,680 1,376 -0,875
79,705 1,376 -0,826
79,730 1,399 -0,875
79,757 1,354 -0,826
79,782 1,265 -0,802
79,807 1,265 -0,753
79,832 1,243 -0,729
79,857 1,177 -0,680
79,883 1,066 -0,607
79,908 0,999 -0,559
79,933 0,910 -0,462
79,958 0,844 -0,364
79,983 0,777 -0,316
80,008 0,666 -0,243
80,034 0,577 -0,146
80,059 0,466 -0,049
80,084 0,377 0,073
80,109 0,289 0,146
80,134 0,200 0,219
80,159 0,067 0,292
80,185 0,022 0,364
80,210 -0,089 0,437
80,236 -0,133 0,535
80,261 -0,200 0,607
80,286 -0,222 0,656
80,311 -0,311 0,680
80,337 -0,355 0,753
80,362 -0,400 0,778
80,388 -0,422 0,826
80,413 -0,444 0,802
80,438 -0,444 0,826
80,463 -0,444 0,778
80,488 -0,444 0,802
80,513 -0,400 0,753
80,538 -0,355 0,753
80,563 -0,333 0,680
80,588 -0,289 0,607
80,613 -0,222 0,559
80,638 -0,155 0,510
80,663 -0,089 0,413
80,688 0,000 0,364
80,713 0,067 0,292
80,738 0,178 0,219
80,763 0,244 0,146
80,788 0,333 0,024
80,814 0,422 -0,073
80,839 0,533 -0,146
80,864 0,622 -0,243
80,889 0,710 -0,340
80,915 0,799 -0,389
80,940 0,866 -0,486
80,965 0,999 -0,535
80,990 1,066 -0,607
81,015 1,154 -0,656
81,040 1,199 -0,729
81,065 1,221 -0,753
81,090 1,288 -0,802
81,115 1,354 -0,850
81,140 1,332 -0,850
81,165 1,354 -0,850
81,190 1,332 -0,850
81,215 1,376 -0,850
81,240 1,354 -0,826
81,265 1,354 -0,802
81,290 1,310 -0,778
81,315 1,288 -0,729
81,340 1,221 -0,705
81,365 1,154 -0,632
81,390 1,066 -0,583
81,415 1,021 -0,510
81,440 0,932 -0,437
81,466 0,866 -0,340
81,492 0,777 -0,267
81,517 0,688 -0,170
81,543 0,599 -0,121
81,568 0,533 0,000
81,593 0,400 0,073
81,618 0,311 0,194
81,643 0,200 0,243
81,668 0,133 0,340
81,693 0,044 0,413
81,718 -0,022 0,486
81,743 -0,111 0,535
81,768 -0,178 0,632
81,793 -0,244 0,680
81,818 -0,311 0,705
81,843 -0,355 0,753
81,868 -0,355 0,778
81,893 -0,400 0,802
81,918 -0,400 0,826
81,944 -0,422 0,802
81,969 -0,422 0,778
81,994 -0,400 0,778
82,019 -0,400 0,729
82,046 -0,355 0,729
82,072 -0,333 0,656
82,097 -0,266 0,607
82,122 -0,222 0,535
82,147 -0,133 0,486
82,172 -0,089 0,389
82,197 0,000 0,340
82,222 0,089 0,243
82,247 0,155 0,170
82,273 0,222 0,073
82,298 0,333 0,000
82,323 0,400 -0,097
82,348 0,511 -0,170
82,373 0,599 -0,292
82,398 0,710 -0,340
82,423 0,799 -0,413
82,448 0,888 -0,486
82,473 0,955 -0,583
82,498 1,021 -0,656
82,524 1,066 -0,680
82,549 1,132 -0,729
82,575 1,221 -0,778
82,600 1,243 -0,802
82,625 1,288 -0,826
82,650 1,332 -0,875
82,675 1,376 -0,875
82,700 1,354 -0,875
82,725 1,354 -0,850
82,750 1,310 -0,826
82,775 1,332 -0,802
82,800 1,288 -0,802
82,825 1,243 -0,729
82,850 1,199 -0,705
82,875 1,154 -0,607
82,902 1,066 -0,535
82,927 1,043 -0,462
82,952 0,932 -0,413
82,977 0,888 -0,316
83,002 0,777 -0,243
83,027 0,710 -0,146
83,052 0,622 -0,097
83,077 0,533 0,024
83,102 0,422 0,097
83,127 0,377 0,194
83,152 0,244 0,267
83,177 0,155 0,364
83,202 0,044 0,437
83,227 0,000 0,510
83,253 -0,089 0,559
83,278 -0,133 0,632
83,303 -0,200 0,680
83,328 -0,244 0,753
83,353 -0,311 0,778
83,378 -0,311 0,826
83,403 -0,355 0,802
83,428 -0,377 0,802
83,453 -0,400 0,802
83,478 -0,377 0,802
83,503 -0,400 0,778
83,528 -0,355 0,753
83,553 -0,355 0,729
83,578 -0,311 0,680
83,603 -0,289 0,607
83,628 -0,200 0,559
83,653 -0,155 0,486
83,679 -0,067 0,413
83,704 0,000 0,316
83,729 0,067 0,243
83,754 0,178 0,146
83,779 0,244 0,049
83,804 0,333 -0,024
83,829 0,422 -0,121
83,854 0,488 -0,194
83,879 0,577 -0,267
83,904 0,666 -0,340
83,929 0,755 -0,462
83,954 0,821 -0,535
83,979 0,910 -0,607
84,005 0,999 -0,656
84,030 1,066 -0,729
84,057 1,132 -0,753
84,082 1,154 -0,826
84,108 1,221 -0,826
84,133 1,243 -0,875
84,158 1,265 -0,875
84,183 1,288 -0,899
84,208 1,310 -0,875
84,233 1,310 -0,875
84,258 1,310 -0,850
84,283 1,265 -0,826
84,308 1,265 -0,778
84,333 1,221 -0,753
84,358 1,199 -0,656
84,383 1,088 -0,607
84,408 1,088 -0,535
84,433 0,999 -0,486
84,458 0,932 -0,413
84,483 0,866 -0,340
84,508 0,777 -0,243
84,533 0,688 -0,170
84,558 0,644 -0,073
84,583 0,511 0,024
84,609 0,444 0,121
84,634 0,333 0,219
84,659 0,266 0,267
84,685 0,178 0,364
84,710 0,067 0,462
84,735 0,022 0,510
84,760 -0,044 0,559
84,785 -0,133 0,632
84,810 -0,200 0,705
84,835 -0,222 0,753
84,861 -0,266 0,778
84,886 -0,311 0,826
84,911 -0,355 0,802
84,937 -0,333 0,826
84,962 -0,355 0,826
84,987 -0,355 0,826
85,012 -0,355 0,778
85,037 -0,333 0,753
85,062 -0,333 0,705
85,087 -0,266 0,680
85,112 -0,244 0,607
85,137 -0,155 0,535
85,162 -0,133 0,462
85,187 -0,067 0,413
85,212 0,000 0,316
85,237 0,089 0,243
85,263 0,133 0,146
85,288 0,244 0,073
85,314 0,311 -0,049
85,339 0,400 -0,146
85,365 0,488 -0,243
85,391 0,577 -0,316
85,417 0,688 -0,364
85,442 0,755 -0,462
85,467 0,866 -0,510
85,492 0,910 -0,607
85,517 0,999 -0,680
85,542 1,021 -0,729
85,567 1,088 -0,753
85,592 1,132 -0,826
85,617 1,199 -0,850
85,642 1,221 -0,899
85,667 1,265 -0,875
85,692 1,243 -0,875
85,717 1,288 -0,875
85,742 1,288 -0,899
85,769 1,265 -0,850
85,794 1,243 -0,826
85,819 1,199 -0,802
85,844 1,177 -0,753
85,869 1,132 -0,705
85,894 1,110 -0,632
85,919 1,066 -0,559
85,944 0,977 -0,462
85,969 0,888 -0,389
85,994 0,799 -0,292
86,019 0,733 -0,243
86,044 0,666 -0,146
86,069 0,599 -0,049
86,094 0,511 0,049
86,119 0,444 0,121
86,144 0,311 0,219
86,170 0,244 0,292
86,196 0,178 0,413
86,221 0,089 0,462
86,246 0,044 0,559
86,273 -0,044 0,607
86,298 -0,111 0,705
86,324 -0,178 0,729
86,349 -0,222 0,729
86,374 -0,266 0,802
86,399 -0,289 0,850
86,425 -0,311 0,850
86,450 -0,333 0,850
86,475 -0,333 0,850
86,500 -0,333 0,826
86,527 -0,311 0,802
86,552 -0,311 0,778
86,578 -0,244 0,753
86,603 -0,222 0,656
86,628 -0,200 0,607
86,653 -0,155 0,510
86,678 -0,067 0,462
86,704 -0,022 0,389
86,729 0,067 0,292
86,755 0,111 0,194
86,780 0,178 0,121
86,805 0,266 0,049
86,830 0,333 -0,049
86,855 0,444 -0,121
86,880 0,511 -0,243
86,905 0,599 -0,316
86,930 0,666 -0,413
86,955 0,755 -0,462
86,980 0,821 -0,583
87,005 0,910 -0,632
87,030 0,955 -0,729
87,055 1,043 -0,778
87,080 1,066 -0,826
87,106 1,132 -0,826
87,131 1,177 -0,875
87,157 1,221 -0,875
87,182 1,221 -0,899
87,207 1,243 -0,899
87,232 1,221 -0,899
87,257 1,243 -0,875
87,282 1,199 -0,875
87,308 1,199 -0,826
87,333 1,177 -0,802
87,358 1,154 -0,729
87,383 1,110 -0,705
87,408 1,066 -0,607
87,433 0,999 -0,583
87,458 0,932 -0,462
87,483 0,866 -0,389
87,508 0,799 -0,316
87,534 0,710 -0,194
87,559 0,622 -0,146
87,585 0,533 -0,049
87,610 0,466 0,049
87,635 0,400 0,146
87,660 0,311 0,243
87,687 0,244 0,340
87,712 0,155 0,389
87,738 0,089 0,486
87,763 0,000 0,535
87,788 -0,044 0,632
87,813 -0,111 0,705
87,838 -0,155 0,753
87,863 -0,222 0,778
87,888 -0,222 0,826
87,913 -0,266 0,826
87,938 -0,266 0,875
87,963 -0,289 0,850
87,988 -0,266 0,850
88,013 -0,266 0,826
88,038 -0,266 0,826
88,063 -0,266 0,802
88,088 -0,222 0,753
88,115 -0,200 0,680
88,140 -0,133 0,607
88,165 -0,089 0,535
88,190 -0,044 0,462
88,215 0,022 0,389
88,240 0,111 0,292
88,266 0,178 0,219
88,291 0,244 0,146
88,317 0,333 0,073
88,342 0,377 -0,073
88,367 0,488 -0,121
88,392 0,555 -0,219
88,417 0,644 -0,292
88,442 0,710 -0,413
88,467 0,799 -0,486
88,492 0,866 -0,583
88,519 0,932 -0,632
88,544 0,999 -0,705
88,570 1,043 -0,778
88,596 1,066 -0,778
88,622 1,110 -0,850
88,648 1,132 -0,850
88,673 1,154 -0,923
88,698 1,221 -0,899
88,723 1,199 -0,923
88,748 1,199 -0,899
88,773 1,199 -0,899
88,798 1,199 -0,850
88,824 1,177 -0,850
88,849 1,110 -0,802
88,875 1,066 -0,753
88,900 1,043 -0,680
88,925 0,999 -0,607
88,950 0,932 -0,535
88,977 0,866 -0,437
89,002 0,799 -0,389
89,027 0,755 -0,292
89,052 0,666 -0,219
89,077 0,599 -0,097
89,102 0,511 -0,024
89,128 0,422 0,073
89,153 0,333 0,170
89,178 0,266 0,267
89,203 0,178 0,316
89,228 0,133 0,413
89,255 0,067 0,462
89,280 0,000 0,535
89,307 -0,044 0,656
89,332 -0,111 0,705
89,357 -0,155 0,753
89,382 -0,222 0,778
89,407 -0,244 0,826
89,432 -0,266 0,850
89,458 -0,266 0,875
89,483 -0,266 0,875
89,508 -0,266 0,875
89,534 -0,244 0,802
89,559 -0,222 0,802
89,584 -0,222 0,753
89,609 -0,155 0,705
89,635 -0,155 0,680
89,660 -0,111 0,583
89,685 -0,022 0,535
89,710 0,022 0,437
89,735 0,089 0,364
89,760 0,155 0,292
89,785 0,244 0,219
89,810 0,311 0,097
89,835 0,422 0,024
89,860 0,466 -0,073
89,885 0,533 -0,146
89,910 0,622 -0,243
89,935 0,688 -0,316
89,960 0,755 -0,437
89,986 0,844 -0,486
90,011 0,888 -0,583
90,036 0,955 -0,632
90,061 0,999 -0,705
90,087 1,043 -0,753
90,112 1,088 -0,802
90,137 1,132 -0,850
90,162 1,154 -0,899
90,187 1,177 -0,899
90,213 1,177 -0,923
90,238 1,221 -0,899
90,263 1,177 -0,923
90,288 1,199 -0,875
90,313 1,177 -0,875
90,338 1,132 -0,826
90,363 1,088 -0,802
90,388 1,066 -0,729
90,413 0,999 -0,680
90,438 0,977 -0,583
90,463 0,910 -0,559
90,488 0,844 -0,437
90,513 0,755 -0,389
90,538 0,688 -0,267
90,563 0,599 -0,219
90,588 0,533 -0,146
90,613 0,466 -0,049
90,638 0,400 0,073
90,663 0,289 0,121
90,688 0,244 0,243
90,713 0,178 0,292
90,738 0,111 0,389
90,763 0,044 0,462
90,788 0,000 0,559
90,813 -0,089 0,607
90,838 -0,111 0,680
90,863 -0,178 0,705
90,888 -0,178 0,778
90,913 -0,244 0,802
90,938 -0,222 0,826
90,963 -0,266 0,826
90,988 -0,244 0,850
91,013 -0,244 0,826
91,038 -0,200 0,802
91,063 -0,222 0,778
91,089 -0,178 0,778
91,114 -0,178 0,729
91,139 -0,133 0,680
91,164 -0,067 0,607
91,189 0,000 0,535
91,214 0,044 0,462
91,239 0,111 0,364
91,265 0,178 0,292
91,290 0,244 0,219
91,315 0,311 0,146
91,340 0,400 0,049
91,367 0,466 -0,024
91,392 0,555 -0,146
91,418 0,666 -0,219
91,443 0,688 -0,316
91,468 0,799 -0,389
91,493 0,844 -0,462
91,518 0,932 -0,559
91,543 0,955 -0,607
91,568 1,021 -0,656
91,593 1,066 -0,729
91,618 1,110 -0,778
91,643 1,132 -0,826
91,668 1,177 -0,850
91,694 1,199 -0,899
91,719 1,199 -0,899
91,744 1,177 -0,899
91,769 1,177 -0,899
91,794 1,177 -0,899
91,819 1,132 -0,850
91,844 1,110 -0,826
91,869 1,066 -0,778
91,894 1,021 -0,729
91,919 0,977 -0,656
91,945 0,932 -0,632
91,970 0,866 -0,559
91,995 0,821 -0,462
92,020 0,733 -0,389
92,045 0,644 -0,316
92,070 0,577 -0,243
92,095 0,533 -0,146
92,121 0,422 -0,049
92,146 0,377 0,049
92,172 0,289 0,121
92,197 0,222 0,219
92,222 0,155 0,292
92,247 0,089 0,389
92,273 0,022 0,437
92,298 -0,022 0,510
92,323 -0,111 0,583
92,348 -0,111 0,632
92,373 -0,178 0,656
92,398 -0,200 0,753
92,423 -0,244 0,753
92,449 -0,200 0,802
92,475 -0,266 0,826
92,500 -0,266 0,802
92,525 -0,222 0,802
92,550 -0,222 0,778
92,577 -0,178 0,778
92,602 -0,178 0,729
92,629 -0,133 0,729
92,654 -0,089 0,632
92,680 0,000 0,559
92,706 0,022 0,510
92,731 0,089 0,437
92,756 0,178 0,364
92,781 0,222 0,316
92,808 0,333 0,219
92,833 0,400 0,121
92,858 0,466 0,049
92,883 0,533 -0,049
92,908 0,599 -0,097
92,933 0,666 -0,219
92,958 0,777 -0,292
92,984 0,821 -0,389
93,009 0,866 -0,462
93,036 0,932 -0,535
93,061 0,999 -0,607
93,087 1,043 -0,632
93,112 1,088 -0,729
93,137 1,154 -0,729
93,162 1,154 -0,778
93,188 1,177 -0,826
93,215 1,199 -0,850
93,240 1,177 -0,899
93,265 1,177 -0,875
93,290 1,154 -0,875
93,315 1,132 -0,850
93,340 1,110 -0,826
93,366 1,088 -0,778
93,391 1,043 -0,753
93,417 0,999 -0,680
93,442 0,932 -0,656
93,467 0,888 -0,559
93,492 0,799 -0,510
93,517 0,755 -0,413
93,543 0,666 -0,364
93,568 0,622 -0,267
93,593 0,511 -0,194
93,618 0,444 -0,097
93,643 0,377 -0,024
93,668 0,311 0,073
93,693 0,244 0,121
93,718 0,178 0,243
93,743 0,089 0,292
93,768 0,022 0,364
93,793 -0,044 0,437
93,818 -0,089 0,510
93,843 -0,133 0,583
93,868 -0,155 0,656
93,893 -0,200 0,680
93,918 -0,222 0,729
93,943 -0,244 0,753
93,968 -0,244 0,778
93,994 -0,266 0,778
94,019 -0,244 0,778
94,044 -0,244 0,753
94,069 -0,222 0,729
94,094 -0,178 0,729
94,119 -0,155 0,680
94,144 -0,111 0,656
94,169 -0,089 0,607
94,194 -0,022 0,559
94,219 0,067 0,510
94,245 0,111 0,413
94,270 0,178 0,340
94,297 0,244 0,267
94,322 0,333 0,170
94,347 0,422 0,146
94,372 0,488 0,049
94,398 0,577 -0,049
94,423 0,644 -0,121
94,448 0,733 -0,219
94,473 0,799 -0,316
94,498 0,888 -0,389
94,523 0,910 -0,462
94,548 0,999 -0,510
94,573 1,021 -0,583
94,598 1,088 -0,632
94,625 1,110 -0,705
94,650 1,132 -0,729
94,675 1,199 -0,753
94,700 1,177 -0,802
94,726 1,199 -0,802
94,751 1,177 -0,826
94,777 1,199 -0,826
94,802 1,132 -0,826
94,827 1,177 -0,802
94,852 1,110 -0,802
94,877 1,110 -0,729
94,903 1,043 -0,729
94,928 0,977 -0,680
94,953 0,910 -0,607
94,978 0,866 -0,535
95,003 0,799 -0,486
95,030 0,733 -0,413
95,055 0,666 -0,340
95,080 0,577 -0,243
95,106 0,511 -0,170
95,131 0,422 -0,073
95,156 0,377 0,000
95,181 0,266 0,073
95,206 0,222 0,170
95,231 0,133 0,219
95,256 0,067 0,316
95,281 0,000 0,364
95,306 -0,067 0,437
95,331 -0,133 0,510
95,357 -0,155 0,607
95,382 -0,200 0,607
95,408 -0,200 0,656
95,433 -0,266 0,680
95,458 -0,244 0,753
95,483 -0,289 0,729
95,508 -0,244 0,753
95,533 -0,266 0,778
95,558 -0,244 0,753
95,583 -0,222 0,705
95,608 -0,178 0,729
95,633 -0,155 0,680
95,658 -0,089 0,656
95,683 -0,067 0,583
95,708 0,022 0,535
95,733 0,067 0,437
95,758 0,133 0,413
95,783 0,200 0,316
95,808 0,289 0,267
95,833 0,333 0,194
95,858 0,422 0,121
95,884 0,511 0,049
95,910 0,599 -0,049
95,936 0,688 -0,121
95,961 0,733 -0,194
95,988 0,844 -0,292
96,013 0,888 -0,389
96,038 0,955 -0,437
96,064 0,999 -0,510
96,089 1,043 -0,583
96,114 1,088 -0,632
96,140 1,110 -0,680
96,165 1,177 -0,705
96,190 1,199 -0,753
96,215 1,221 -0,778
96,240 1,221 -0,802
96,265 1,221 -0,778
96,290 1,177 -0,802
96,317 1,199 -0,802
96,342 1,154 -0,802
96,368 1,154 -0,778
96,393 1,110 -0,729
96,418 1,066 -0,680
96,443 0,999 -0,632
96,468 0,888 -0,559
96,493 0,866 -0,535
96,518 0,799 -0,462
96,543 0,710 -0,389
96,568 0,644 -0,292
96,593 0,555 -0,243
96,618 0,488 -0,121
96,643 0,400 -0,097
96,668 0,333 0,024
96,693 0,266 0,073
96,718 0,200 0,146
96,743 0,111 0,219
96,768 0,044 0,292
96,793 -0,022 0,364
96,818 -0,089 0,437
96,843 -0,111 0,462
96,868 -0,155 0,535
96,893 -0,222 0,583
96,918 -0,244 0,632
96,943 -0,266 0,656
96,968 -0,266 0,705
96,993 -0,289 0,705
97,018 -0,266 0,729
97,043 -0,266 0,705
97,068 -0,266 0,729
97,093 -0,244 0,680
97,118 -0,178 0,680
97,143 -0,178 0,632
97,168 -0,089 0,583
97,193 -0,067 0,535
97,218 0,000 0,510
97,243 0,067 0,413
97,268 0,133 0,364
97,293 0,200 0,316
97,318 0,289 0,219
97,343 0,333 0,146
97,368 0,444 0,097
97,393 0,511 0,000
97,418 0,599 -0,073
97,443 0,666 -0,170
97,468 0,755 -0,219
97,493 0,799 -0,316
97,518 0,866 -0,389
97,543 0,910 -0,437
97,568 0,999 -0,510
97,593 1,043 -0,559
97,618 1,110 -0,583
97,643 1,132 -0,632
97,668 1,199 -0,680
97,693 1,199 -0,705
97,718 1,243 -0,729
97,743 1,243 -0,753
97,768 1,243 -0,753
97,793 1,221 -0,753
97,818 1,199 -0,753
97,843 1,154 -0,729
97,868 1,154 -0,705
97,893 1,088 -0,705
97,918 1,066 -0,632
97,943 1,021 -0,632
97,968 0,977 -0,559
97,993 0,866 -0,510
98,018 0,821 -0,437
98,044 0,733 -0,389
98,069 0,666 -0,316
98,094 0,577 -0,219
98,119 0,511 -0,146
98,144 0,444 -0,073
98,169 0,355 0,000
98,194 0,266 0,073
98,219 0,200 0,121
98,244 0,133 0,219
98,269 0,067 0,267
98,294 0,000 0,364
98,319 -0,044 0,413
98,344 -0,111 0,437
98,370 -0,155 0,486
98,395 -0,200 0,559
98,421 -0,244 0,583
98,447 -0,222 0,632
98,472 -0,289 0,656
98,497 -0,266 0,680
98,522 -0,266 0,680
98,547 -0,289 0,705
98,572 -0,289 0,680
98,597 -0,244 0,680
98,622 -0,244 0,632
98,647 -0,178 0,607
98,672 -0,133 0,535
98,698 -0,067 0,510
98,723 -0,044 0,462
98,748 0,044 0,413
98,773 0,089 0,340
98,798 0,178 0,267
98,823 0,222 0,194
98,848 0,333 0,146
98,873 0,400 0,073
98,898 0,488 0,000
98,923 0,577 -0,097
98,948 0,666 -0,146
98,973 0,710 -0,219
98,998 0,777 -0,267
99,023 0,821 -0,364
99,048 0,932 -0,413
99,073 0,977 -0,486
99,098 1,043 -0,535
99,124 1,088 -0,607
99,149 1,132 -0,632
99,174 1,154 -0,680
99,199 1,199 -0,705
99,224 1,199 -0,729
99,249 1,199 -0,729
99,274 1,243 -0,729
99,299 1,243 -0,729
99,324 1,221 -0,729
99,349 1,199 -0,729
99,375 1,154 -0,680
99,400 1,110 -0,656
99,426 1,088 -0,607
99,451 1,043 -0,583
99,478 0,977 -0,510
99,503 0,866 -0,462
99,528 0,821 -0,413
99,555 0,755 -0,340
99,580 0,688 -0,292
99,607 0,644 -0,194
99,633 0,511 -0,097
99,658 0,422 -0,024
99,683 0,355 0,049
99,708 0,289 0,121
99,733 0,178 0,170
99,758 0,133 0,219
99,784 0,067 0,316
99,809 0,000 0,340
99,834 -0,044 0,413
99,860 -0,111 0,462
99,885 -0,133 0,535
99,910 -0,200 0,559
99,936 -0,222 0,607
99,961 -0,289 0,632
99,987 -0,266 0,656
100,012 -0,311 0,656
100,037 -0,289 0,656
100,062 -0,289 0,656
100,088 -0,244 0,656
100,113 -0,244 0,607
100,138 -0,222 0,559
100,163 -0,200 0,535
100,188 -0,133 0,486
100,213 -0,089 0,437
100,238 -0,022 0,413
100,263 0,022 0,340
100,289 0,089 0,316
100,314 0,178 0,219
100,339 0,244 0,170
100,365 0,333 0,097
100,390 0,422 -0,024
100,415 0,488 -0,049
100,440 0,555 -0,146
100,467 0,666 -0,194
100,492 0,733 -0,292
100,518 0,799 -0,340
100,543 0,866 -0,389
100,568 0,932 -0,462
100,593 0,977 -0,510
100,618 1,043 -0,535
100,643 1,088 -0,607
100,668 1,132 -0,632
100,693 1,154 -0,656
100,718 1,177 -0,680
100,743 1,199 -0,729
100,768 1,221 -0,705
100,793 1,221 -0,729
100,818 1,221 -0,705
100,843 1,199 -0,680
100,868 1,177 -0,680
100,893 1,132 -0,632
100,918 1,110 -0,607
100,945 1,066 -0,583
100,970 1,021 -0,510
100,995 0,977 -0,437
101,020 0,888 -0,389
101,045 0,821 -0,340
101,070 0,733 -0,292
101,096 0,688 -0,219
101,121 0,599 -0,170
101,147 0,533 -0,073
101,172 0,466 -0,024
101,197 0,377 0,097
101,222 0,289 0,121
101,247 0,222 0,243
101,273 0,155 0,267
101,298 0,089 0,340
101,323 0,022 0,389
101,348 -0,044 0,437
101,373 -0,111 0,486
101,398 -0,155 0,510
101,423 -0,178 0,535
101,448 -0,222 0,583
101,474 -0,266 0,607
101,499 -0,289 0,607
101,525 -0,266 0,632
101,550 -0,289 0,632
101,576 -0,266 0,656
101,601 -0,266 0,607
101,627 -0,200 0,583
101,652 -0,200 0,559
101,677 -0,155 0,510
101,702 -0,111 0,437
101,727 -0,044 0,413
101,752 -0,022 0,364
101,778 0,067 0,316
101,803 0,111 0,243
101,828 0,200 0,170
101,853 0,266 0,097
101,878 0,333 0,049
101,903 0,400 -0,024
101,928 0,466 -0,121
101,953 0,555 -0,170
101,979 0,622 -0,243
102,004 0,710 -0,316
102,029 0,777 -0,364
102,055 0,844 -0,413
102,080 0,910 -0,486
102,105 1,021 -0,510
102,130 1,021 -0,583
102,155 1,088 -0,607
102,180 1,132 -0,656
102,205 1,177 -0,656
102,230 1,154 -0,680
102,257 1,199 -0,680
102,282 1,199 -0,705
102,307 1,199 -0,705
102,333 1,177 -0,705
102,358 1,154 -0,705
102,383 1,154 -0,656
102,408 1,132 -0,632
102,433 1,110 -0,583
102,458 1,043 -0,559
102,483 0,977 -0,510
102,508 0,910 -0,437
102,533 0,866 -0,389
102,558 0,799 -0,292
102,583 0,733 -0,243
102,608 0,666 -0,194
102,633 0,599 -0,097
102,658 0,511 -0,024
102,683 0,444 0,024
102,708 0,355 0,097
102,733 0,289 0,194
102,758 0,222 0,243
102,783 0,178 0,316
102,808 0,089 0,364
102,833 0,022 0,413
102,858 -0,044 0,437
102,883 -0,089 0,510
102,908 -0,133 0,510
102,933 -0,200 0,559
102,958 -0,200 0,607
102,983 -0,222 0,632
103,008 -0,266 0,632
103,033 -0,266 0,656
103,058 -0,289 0,632
103,083 -0,266 0,607
103,108 -0,244 0,583
103,133 -0,222 0,559
103,158 -0,200 0,510
103,183 -0,155 0,486
103,208 -0,133 0,437
103,233 -0,089 0,413
103,258 -0,022 0,340
103,284 0,044 0,292
103,309 0,111 0,219
103,334 0,178 0,194
103,359 0,244 0,097
103,385 0,311 0,024
103,410 0,377 -0,073
103,435 0,466 -0,097
103,460 0,533 -0,194
103,485 0,644 -0,243
103,510 0,710 -0,340
103,537 0,777 -0,364
103,562 0,844 -0,462
103,587 0,888 -0,510
103,612 0,932 -0,559
103,637 0,977 -0,607
103,662 1,043 -0,632
103,687 1,088 -0,680
103,712 1,088 -0,705
103,737 1,132 -0,729
103,762 1,154 -0,729
103,787 1,177 -0,705
103,813 1,154 -0,705
103,838 1,154 -0,705
103,865 1,177 -0,632
103,890 1,132 -0,632
103,915 1,132 -0,607
103,940 1,066 -0,559
103,965 1,066 -0,510
103,990 0,999 -0,486
104,015 0,977 -0,413
104,040 0,866 -0,364
104,066 0,821 -0,292
104,091 0,755 -0,219
104,117 0,733 -0,146
104,143 0,644 -0,121
104,168 0,533 0,000
104,193 0,488 0,073
104,218 0,400 0,121
104,244 0,311 0,194
104,269 0,222 0,267
104,294 0,178 0,340
104,319 0,111 0,389
104,344 0,067 0,462
104,370 -0,022 0,486
104,395 -0,044 0,535
104,420 -0,133 0,559
104,445 -0,111 0,607
104,470 -0,178 0,607
104,495 -0,178 0,632
104,520 -0,222 0,632
104,546 -0,222 0,680
104,571 -0,266 0,656
104,597 -0,200 0,632
104,623 -0,200 0,583
104,648 -0,222 0,535
104,673 -0,178 0,535
104,698 -0,155 0,462
104,723 -0,089 0,437
104,748 -0,044 0,389
104,773 -0,022 0,340
104,798 0,044 0,243
104,823 0,133 0,194
104,848 0,200 0,121
104,873 0,266 0,073
104,898 0,333 0,000
104,924 0,400 -0,073
104,949 0,444 -0,170
104,974 0,555 -0,219
104,999 0,599 -0,316
105,024 0,688 -0,364
105,050 0,733 -0,437
105,075 0,799 -0,462
105,100 0,844 -0,535
105,125 0,932 -0,559
105,150 0,955 -0,607
105,175 1,021 -0,632
105,200 1,043 -0,680
105,227 1,110 -0,680
105,253 1,132 -0,705
105,278 1,132 -0,729
105,303 1,154 -0,729
105,328 1,132 -0,729
105,353 1,154 -0,680
105,378 1,110 -0,656
105,404 1,088 -0,632
105,429 1,088 -0,632
105,454 1,066 -0,559
105,479 0,999 -0,535
105,504 0,955 -0,462
105,529 0,910 -0,413
105,554 0,910 -0,316
105,579 0,799 -0,292
105,604 0,755 -0,170
105,629 0,666 -0,146
105,654 0,622 -0,049
105,679 0,533 0,024
105,705 0,466 0,097
105,730 0,377 0,170
105,757 0,311 0,243
105,782 0,222 0,292
105,807 0,200 0,364
105,832 0,111 0,413
105,858 0,067 0,462
105,883 0,022 0,510
105,908 -0,044 0,535
105,933 -0,067 0,632
105,958 -0,111 0,632
105,983 -0,133 0,656
106,008 -0,178 0,632
106,033 -0,178 0,680
106,058 -0,222 0,680
106,083 -0,200 0,680
106,108 -0,200 0,632
106,133 -0,155 0,632
106,158 -0,155 0,559
106,183 -0,133 0,559
106,208 -0,111 0,486
106,233 -0,067 0,437
106,258 -0,022 0,364
106,283 0,067 0,316
106,308 0,089 0,243
106,333 0,133 0,194
106,358 0,200 0,121
106,383 0,289 0,049
106,408 0,333 -0,024
106,433 0,400 -0,049
106,458 0,466 -0,170
106,484 0,555 -0,243
106,510 0,599 -0,316
106,535 0,688 -0,364
106,560 0,733 -0,437
106,587 0,821 -0,486
106,613 0,866 -0,559
106,638 0,910 -0,607
106,663 0,977 -0,632
106,688 1,021 -0,680
106,713 1,066 -0,680
106,738 1,066 -0,729
106,763 1,110 -0,729
106,788 1,110 -0,753
106,814 1,132 -0,705
106,840 1,110 -0,729
106,865 1,110 -0,705
106,890 1,088 -0,656
106,916 1,088 -0,632
106,941 1,043 -0,632
106,966 1,021 -0,559
106,991 0,955 -0,535
107,017 0,932 -0,462
107,042 0,866 -0,413
107,068 0,821 -0,340
107,093 0,777 -0,243
107,118 0,710 -0,194
107,144 0,666 -0,121
107,170 0,599 -0,049
107,195 0,533 0,024
107,221 0,466 0,121
107,247 0,400 0,194
107,272 0,311 0,243
107,297 0,244 0,316
107,323 0,178 0,340
107,348 0,111 0,413
107,373 0,089 0,486
107,398 0,000 0,535
107,423 0,000 0,583
107,448 -0,067 0,583
107,473 -0,089 0,656
107,498 -0,133 0,656
107,523 -0,133 0,705
107,548 -0,178 0,656
107,573 -0,155 0,680
107,598 -0,178 0,656
107,623 -0,133 0,656
107,648 -0,133 0,583
107,674 -0,111 0,583
107,699 -0,089 0,510
107,724 -0,044 0,486
107,750 -0,022 0,413
107,775 0,044 0,389
107,801 0,089 0,316
107,827 0,155 0,267
107,853 0,200 0,194
107,878 0,244 0,097
107,903 0,355 0,049
107,928 0,377 -0,073
107,953 0,466 -0,146
107,978 0,533 -0,219
108,003 0,599 -0,243
108,028 0,644 -0,340
108,053 0,688 -0,389
108,078 0,733 -0,462
108,103 0,821 -0,486
108,128 0,866 -0,583
108,153 0,910 -0,607
108,178 0,932 -0,656
108,203 0,999 -0,656
108,228 1,021 -0,729
108,253 1,043 -0,705
108,278 1,066 -0,729
108,303 1,088 -0,729
108,328 1,088 -0,753
108,353 1,088 -0,705
108,378 1,066 -0,705
108,403 1,066 -0,656
108,428 1,043 -0,656
108,453 1,043 -0,607
108,478 0,977 -0,559
108,503 0,932 -0,462
108,529 0,888 -0,462
108,554 0,844 -0,364
108,579 0,799 -0,340
108,605 0,755 -0,243
108,630 0,666 -0,194
108,655 0,644 -0,097
108,680 0,555 -0,049
108,705 0,511 0,049
108,730 0,400 0,097
108,755 0,377 0,194
108,781 0,289 0,267
108,806 0,244 0,316
108,831 0,178 0,364
108,857 0,089 0,437
108,882 0,044 0,510
108,907 0,022 0,535
108,933 -0,022 0,559
108,958 -0,067 0,583
108,983 -0,067 0,632
109,008 -0,133 0,656
109,033 -0,133 0,680
109,058 -0,133 0,680
109,083 -0,111 0,705
109,108 -0,133 0,656
109,133 -0,111 0,680
109,158 -0,089 0,607
109,184 -0,067 0,583
109,209 -0,044 0,535
109,235 -0,022 0,510
109,260 0,044 0,437
109,285 0,089 0,389
109,310 0,111 0,316
109,337 0,178 0,267
109,362 0,244 0,194
109,387 0,266 0,097
109,412 0,355 0,024
109,437 0,400 -0,024
109,462 0,488 -0,097
109,487 0,533 -0,194
109,512 0,599 -0,267
109,537 0,644 -0,340
109,562 0,733 -0,413
109,587 0,777 -0,486
109,612 0,821 -0,510
109,638 0,866 -0,583
109,663 0,932 -0,607
109,688 0,932 -0,656
109,713 0,999 -0,705
109,738 0,999 -0,729
109,763 1,043 -0,729
109,788 1,066 -0,778
109,813 1,066 -0,729
109,839 1,043 -0,729
109,864 1,066 -0,705
109,889 1,021 -0,729
109,914 1,043 -0,680
109,939 0,999 -0,680
109,964 0,977 -0,632
109,989 0,910 -0,583
110,014 0,910 -0,510
110,040 0,844 -0,486
110,065 0,799 -0,389
110,090 0,733 -0,340
110,115 0,688 -0,243
110,140 0,622 -0,194
110,166 0,577 -0,097
110,191 0,511 -0,049
110,216 0,444 0,024
110,241 0,377 0,097
110,266 0,333 0,170
110,291 0,266 0,219
110,316 0,222 0,316
110,341 0,155 0,364
110,366 0,111 0,437
110,391 0,044 0,462
110,416 0,044 0,510
110,441 0,000 0,559
110,468 -0,044 0,583
110,493 -0,067 0,656
110,518 -0,067 0,656
110,543 -0,089 0,705
110,568 -0,111 0,680
110,594 -0,111 0,729
110,619 -0,133 0,680
110,644 -0,111 0,656
110,669 -0,067 0,607
110,695 -0,044 0,607
110,720 0,000 0,535
110,745 0,022 0,510
110,770 0,067 0,437
110,797 0,133 0,413
110,822 0,178 0,316
110,847 0,200 0,243
110,872 0,266 0,194
110,897 0,333 0,097
110,922 0,377 0,049
110,947 0,422 -0,049
110,972 0,511 -0,097
110,997 0,555 -0,194
111,022 0,622 -0,243
111,047 0,666 -0,292
111,072 0,733 -0,364
111,097 0,799 -0,462
111,122 0,821 -0,486
111,148 0,844 -0,559
111,173 0,932 -0,583
111,198 0,955 -0,656
111,223 0,999 -0,680
111,248 1,021 -0,729
111,273 1,043 -0,705
111,298 1,021 -0,729
111,323 1,043 -0,729
111,349 1,043 -0,729
111,375 1,043 -0,705
111,400 0,999 -0,705
111,426 0,999 -0,656
111,451 0,977 -0,656
111,478 0,932 -0,632
111,503 0,888 -0,559
111,528 0,844 -0,535
111,555 0,844 -0,462
111,581 0,733 -0,413
111,607 0,710 -0,340
111,632 0,644 -0,267
111,657 0,599 -0,194
111,682 0,511 -0,121
111,708 0,444 -0,049
111,733 0,422 0,049
111,758 0,333 0,121
111,783 0,311 0,194
111,808 0,222 0,243
111,833 0,200 0,316
111,858 0,133 0,364
111,883 0,089 0,437
111,908 0,022 0,486
111,934 0,022 0,535
111,959 -0,022 0,535
111,984 -0,044 0,607
112,010 -0,067 0,607
112,035 -0,067 0,656
112,060 -0,089 0,680
112,086 -0,089 0,705
112,111 -0,111 0,680
112,137 -0,089 0,632
112,162 -0,067 0,632
112,187 -0,044 0,559
112,212 -0,022 0,559
112,237 0,000 0,510
112,262 0,044 0,486
112,287 0,089 0,413
112,312 0,133 0,389
112,337 0,178 0,316
112,362 0,244 0,243
112,387 0,311 0,194
112,412 0,377 0,097
112,437 0,400 0,049
112,462 0,488 -0,024
112,487 0,511 -0,097
112,512 0,599 -0,170
112,538 0,666 -0,243
112,563 0,733 -0,292
112,588 0,755 -0,364
112,613 0,821 -0,437
112,638 0,866 -0,510
112,664 0,910 -0,535
112,690 0,932 -0,607
112,715 0,999 -0,632
112,740 0,999 -0,680
112,767 1,021 -0,705
112,793 1,043 -0,705
112,821 1,043 -0,729
