Kopplung Nr.3, asymmetrisch
0,025 -1,954 2,187
0,051 -2,353 2,794
0,093 -2,486 2,892
0,118 -2,420 2,892
0,143 -2,353 2,770
0,168 -2,198 2,649
0,193 -2,065 2,430
0,219 -1,865 2,260
0,245 -1,598 1,993
0,270 -1,310 1,725
0,295 -1,021 1,409
0,320 -0,710 1,118
0,345 -0,400 0,778
0,370 -0,022 0,437
0,395 0,289 0,073
0,420 0,644 -0,267
0,446 0,977 -0,632
0,482 1,443 -1,118
0,507 1,798 -1,482
0,532 2,109 -1,798
0,557 2,398 -2,065
0,582 2,642 -2,333
0,607 2,886 -2,576
0,632 3,108 -2,770
0,657 3,263 -2,916
0,682 3,397 -3,037
0,707 3,485 -3,110
0,732 3,530 -3,159
0,757 3,552 -3,183
0,782 3,508 -3,110
0,807 3,397 -3,013
0,832 3,286 -2,916
0,857 3,175 -2,746
0,882 2,975 -2,527
0,907 2,775 -2,333
0,932 2,509 -2,065
0,957 2,242 -1,774
0,982 1,931 -1,458
1,007 1,598 -1,142
1,032 1,288 -0,826
1,057 0,955 -0,486
1,083 0,577 -0,121
1,108 0,244 0,243
1,133 -0,089 0,607
1,158 -0,400 0,972
1,183 -0,755 1,264
1,208 -1,043 1,579
1,233 -1,332 1,847
1,258 -1,554 2,114
1,283 -1,820 2,333
1,308 -1,998 2,551
1,333 -2,153 2,697
1,358 -2,309 2,843
1,383 -2,398 2,916
1,408 -2,420 2,940
1,433 -2,464 2,965
1,458 -2,442 2,940
1,483 -2,375 2,843
1,508 -2,264 2,722
1,533 -2,153 2,600
1,558 -1,976 2,406
1,583 -1,776 2,211
1,608 -1,510 1,968
1,633 -1,265 1,701
1,658 -0,977 1,409
1,683 -0,710 1,069
1,708 -0,377 0,753
1,733 -0,044 0,389
1,758 0,311 0,049
1,783 0,666 -0,316
1,808 0,999 -0,656
1,833 1,310 -0,996
1,858 1,621 -1,337
1,883 1,931 -1,677
1,909 2,242 -1,944
1,934 2,531 -2,236
1,959 2,753 -2,479
1,984 2,975 -2,697
2,010 3,175 -2,867
2,035 3,308 -3,013
2,060 3,397 -3,086
2,086 3,441 -3,183
2,111 3,485 -3,183
2,136 3,441 -3,135
2,161 3,419 -3,062
2,186 3,308 -2,940
2,211 3,197 -2,794
2,236 2,953 -2,649
2,261 2,775 -2,406
2,286 2,531 -2,187
2,312 2,287 -1,871
2,338 1,976 -1,579
2,363 1,687 -1,239
2,388 1,332 -0,899
2,413 0,999 -0,583
2,438 0,666 -0,219
2,463 0,355 0,121
2,488 -0,022 0,486
2,513 -0,333 0,826
2,538 -0,644 1,166
2,563 -0,932 1,458
2,588 -1,243 1,798
2,613 -1,465 2,041
2,638 -1,732 2,260
2,663 -1,931 2,454
2,688 -2,087 2,624
2,713 -2,198 2,770
2,738 -2,309 2,867
2,763 -2,398 2,916
2,788 -2,442 2,940
2,813 -2,420 2,916
2,838 -2,331 2,867
2,863 -2,242 2,794
2,888 -2,131 2,649
2,913 -1,931 2,479
2,938 -1,776 2,260
2,963 -1,532 2,041
2,988 -1,288 1,750
3,013 -0,999 1,482
3,038 -0,710 1,166
3,063 -0,422 0,850
3,088 -0,111 0,510
3,113 0,222 0,194
3,138 0,555 -0,194
3,163 0,910 -0,535
3,188 1,243 -0,875
3,213 1,554 -1,215
3,238 1,865 -1,531
3,263 2,176 -1,823
3,288 2,398 -2,138
3,313 2,686 -2,357
3,338 2,864 -2,600
3,363 3,086 -2,794
3,388 3,219 -2,940
3,413 3,330 -3,062
3,438 3,397 -3,159
3,463 3,441 -3,183
3,488 3,397 -3,183
3,513 3,397 -3,110
3,538 3,286 -3,037
3,563 3,197 -2,892
3,588 3,019 -2,722
3,613 2,842 -2,503
3,638 2,575 -2,284
3,663 2,353 -1,993
3,688 2,042 -1,725
3,713 1,754 -1,409
3,739 1,443 -1,093
3,764 1,110 -0,753
3,789 0,777 -0,389
3,814 0,466 -0,049
3,839 0,133 0,292
3,864 -0,200 0,656
3,889 -0,511 0,972
3,914 -0,821 1,312
3,940 -1,110 1,604
3,965 -1,376 1,871
3,990 -1,621 2,138
4,015 -1,865 2,333
4,040 -1,998 2,551
4,065 -2,153 2,697
4,090 -2,264 2,819
4,115 -2,353 2,867
4,140 -2,398 2,916
4,165 -2,398 2,916
4,190 -2,353 2,892
4,215 -2,264 2,794
4,240 -2,153 2,697
4,265 -1,998 2,527
4,290 -1,798 2,357
4,315 -1,598 2,114
4,340 -1,332 1,871
4,365 -1,088 1,604
4,390 -0,799 1,337
4,415 -0,488 0,996
4,440 -0,200 0,680
4,465 0,133 0,340
4,490 0,466 -0,024
4,516 0,799 -0,389
4,541 1,132 -0,729
4,566 1,465 -1,093
4,591 1,798 -1,385
4,616 2,065 -1,701
4,641 2,353 -1,968
4,666 2,575 -2,236
4,691 2,819 -2,454
4,716 3,019 -2,673
4,741 3,197 -2,819
4,766 3,286 -2,965
4,791 3,352 -3,037
4,816 3,419 -3,110
4,841 3,463 -3,110
4,866 3,374 -3,086
4,891 3,308 -3,013
4,916 3,197 -2,892
4,941 3,041 -2,722
4,966 2,864 -2,576
4,991 2,664 -2,333
5,016 2,420 -2,114
5,041 2,176 -1,823
5,066 1,843 -1,555
5,091 1,554 -1,239
5,116 1,243 -0,899
5,141 0,910 -0,559
5,166 0,555 -0,219
5,191 0,222 0,146
5,216 -0,089 0,486
5,241 -0,422 0,850
5,266 -0,755 1,142
5,291 -1,021 1,434
5,316 -1,288 1,725
5,341 -1,510 1,993
5,366 -1,776 2,187
5,391 -1,954 2,406
5,416 -2,087 2,551
5,441 -2,242 2,673
5,466 -2,331 2,770
5,491 -2,375 2,867
5,516 -2,398 2,867
5,541 -2,353 2,843
5,566 -2,309 2,794
5,592 -2,198 2,697
5,617 -2,042 2,551
5,642 -1,865 2,406
5,667 -1,665 2,187
5,692 -1,443 1,968
5,717 -1,177 1,701
5,743 -0,888 1,434
5,768 -0,599 1,093
5,793 -0,289 0,802
5,818 0,022 0,437
5,843 0,355 0,121
5,868 0,688 -0,219
5,893 1,043 -0,559
5,918 1,354 -0,923
5,943 1,687 -1,215
5,968 1,954 -1,555
5,993 2,242 -1,823
6,018 2,486 -2,114
6,043 2,753 -2,333
6,068 2,930 -2,551
6,093 3,130 -2,697
6,118 3,263 -2,867
6,143 3,374 -2,940
6,168 3,397 -3,037
6,193 3,441 -3,037
6,219 3,397 -3,037
6,244 3,352 -2,989
6,269 3,241 -2,916
6,294 3,130 -2,722
6,320 2,953 -2,576
6,345 2,731 -2,357
6,370 2,509 -2,138
6,396 2,242 -1,871
6,421 1,954 -1,604
6,446 1,643 -1,288
6,471 1,310 -0,972
6,496 0,977 -0,632
6,522 0,688 -0,316
6,547 0,333 0,024
6,572 0,000 0,413
6,597 -0,333 0,729
6,622 -0,622 1,045
6,647 -0,955 1,337
6,673 -1,221 1,652
6,698 -1,465 1,871
6,723 -1,687 2,138
6,748 -1,909 2,308
6,773 -2,042 2,503
6,798 -2,176 2,624
6,823 -2,264 2,722
6,848 -2,353 2,770
6,873 -2,353 2,819
6,898 -2,375 2,794
6,923 -2,287 2,746
6,948 -2,220 2,624
6,973 -2,087 2,551
6,998 -1,931 2,381
7,023 -1,709 2,187
7,049 -1,510 1,944
7,074 -1,243 1,725
7,099 -0,999 1,434
7,125 -0,688 1,166
7,150 -0,400 0,850
7,175 -0,067 0,510
7,200 0,244 0,170
7,226 0,599 -0,170
7,251 0,932 -0,535
7,276 1,288 -0,875
7,301 1,576 -1,166
7,326 1,887 -1,482
7,351 2,198 -1,823
7,376 2,442 -2,041
7,401 2,686 -2,308
7,426 2,886 -2,479
7,451 3,064 -2,673
7,476 3,219 -2,794
7,501 3,308 -2,916
7,527 3,397 -2,989
7,552 3,419 -2,989
7,577 3,397 -2,989
7,602 3,352 -2,916
7,627 3,263 -2,867
7,652 3,152 -2,746
7,677 2,975 -2,576
7,702 2,775 -2,357
7,727 2,575 -2,163
7,752 2,331 -1,895
7,777 2,020 -1,604
7,802 1,732 -1,337
7,827 1,421 -1,021
7,852 1,110 -0,705
7,877 0,777 -0,364
7,902 0,466 0,000
7,927 0,089 0,340
7,953 -0,222 0,680
7,978 -0,511 0,972
8,003 -0,821 1,312
8,028 -1,110 1,579
8,053 -1,354 1,847
8,078 -1,598 2,041
8,103 -1,820 2,260
8,128 -2,020 2,430
8,153 -2,131 2,576
8,178 -2,242 2,673
8,203 -2,309 2,746
8,228 -2,331 2,770
8,253 -2,353 2,794
8,278 -2,309 2,722
8,303 -2,242 2,649
8,329 -2,131 2,527
8,354 -1,976 2,381
8,379 -1,776 2,187
8,404 -1,554 2,017
8,430 -1,332 1,725
8,455 -1,043 1,482
8,480 -0,777 1,191
8,505 -0,466 0,875
8,530 -0,178 0,535
8,555 0,155 0,243
8,580 0,488 -0,121
8,605 0,799 -0,437
8,630 1,132 -0,753
8,655 1,465 -1,069
8,680 1,732 -1,385
8,705 2,065 -1,677
8,730 2,309 -1,968
8,755 2,553 -2,187
8,780 2,775 -2,430
8,805 2,975 -2,600
8,830 3,130 -2,770
8,855 3,263 -2,867
8,880 3,352 -2,965
8,905 3,397 -2,965
8,930 3,374 -2,989
8,955 3,352 -2,940
8,980 3,263 -2,867
9,005 3,175 -2,770
9,030 3,019 -2,649
9,055 2,864 -2,430
9,080 2,620 -2,236
9,105 2,398 -1,968
9,130 2,131 -1,701
9,155 1,865 -1,409
9,180 1,554 -1,093
9,205 1,288 -0,778
9,230 0,910 -0,462
9,255 0,599 -0,097
9,280 0,244 0,194
9,305 -0,044 0,583
9,330 -0,355 0,850
9,355 -0,644 1,191
9,380 -0,955 1,458
9,405 -1,221 1,750
9,430 -1,465 1,968
9,455 -1,643 2,187
9,480 -1,865 2,357
9,505 -2,020 2,527
9,530 -2,153 2,649
9,555 -2,220 2,746
9,580 -2,287 2,746
9,605 -2,287 2,794
9,630 -2,264 2,746
9,655 -2,198 2,673
9,680 -2,131 2,600
9,705 -1,976 2,454
9,730 -1,820 2,260
9,755 -1,621 2,065
9,780 -1,399 1,798
9,805 -1,154 1,604
9,830 -0,888 1,312
9,856 -0,599 1,021
9,881 -0,311 0,656
9,906 0,022 0,364
9,931 0,311 0,024
9,956 0,666 -0,292
9,981 0,955 -0,656
10,006 1,265 -0,948
10,031 1,576 -1,264
10,056 1,887 -1,555
10,083 2,153 -1,847
10,108 2,420 -2,114
10,133 2,642 -2,381
10,158 2,842 -2,551
10,183 2,997 -2,722
10,208 3,152 -2,867
10,233 3,219 -2,965
10,258 3,308 -2,989
10,283 3,330 -3,013
10,308 3,308 -2,965
10,333 3,263 -2,916
10,358 3,175 -2,770
10,383 3,041 -2,697
10,408 2,864 -2,479
10,433 2,664 -2,284
10,458 2,464 -2,041
10,483 2,220 -1,798
10,508 1,931 -1,507
10,533 1,643 -1,239
10,558 1,354 -0,875
10,583 1,021 -0,583
10,608 0,710 -0,219
10,633 0,377 0,073
10,658 0,067 0,413
10,683 -0,244 0,753
10,708 -0,555 1,069
10,733 -0,821 1,361
10,758 -1,066 1,628
10,783 -1,332 1,847
10,808 -1,532 2,114
10,833 -1,754 2,284
10,858 -1,909 2,479
10,883 -2,065 2,600
10,908 -2,153 2,697
10,933 -2,242 2,746
10,958 -2,242 2,794
10,983 -2,220 2,746
11,008 -2,153 2,722
11,033 -2,109 2,600
11,058 -1,976 2,527
11,083 -1,865 2,333
11,108 -1,665 2,163
11,134 -1,465 1,944
11,159 -1,221 1,701
11,184 -0,955 1,409
11,209 -0,688 1,142
11,234 -0,400 0,826
11,259 -0,089 0,510
11,284 0,200 0,170
11,309 0,533 -0,146
11,334 0,821 -0,486
11,359 1,154 -0,802
11,385 1,465 -1,142
11,411 1,754 -1,458
11,436 2,087 -1,725
11,461 2,331 -1,993
11,486 2,553 -2,211
11,511 2,731 -2,454
11,536 2,953 -2,624
11,562 3,086 -2,770
11,587 3,175 -2,867
11,612 3,241 -2,965
11,637 3,286 -2,989
11,662 3,286 -2,989
11,687 3,219 -2,892
11,712 3,130 -2,843
11,737 3,019 -2,697
11,762 2,842 -2,576
11,787 2,708 -2,357
11,812 2,464 -2,163
11,837 2,242 -1,920
11,862 1,976 -1,628
11,887 1,709 -1,337
11,912 1,399 -1,021
11,937 1,110 -0,705
11,962 0,799 -0,413
11,987 0,488 -0,049
12,012 0,155 0,267
12,037 -0,133 0,607
12,062 -0,444 0,899
12,087 -0,710 1,239
12,112 -0,999 1,482
12,137 -1,243 1,798
12,162 -1,487 1,993
12,187 -1,665 2,236
12,212 -1,843 2,357
12,237 -1,976 2,527
12,262 -2,087 2,624
12,287 -2,153 2,722
12,312 -2,198 2,746
12,337 -2,176 2,770
12,362 -2,176 2,722
12,388 -2,087 2,649
12,413 -1,976 2,527
12,438 -1,820 2,406
12,463 -1,687 2,211
12,488 -1,443 2,017
12,513 -1,243 1,798
12,538 -0,999 1,531
12,563 -0,755 1,239
12,588 -0,444 0,972
12,613 -0,178 0,632
12,638 0,155 0,340
12,663 0,466 0,000
12,688 0,777 -0,316
12,713 1,088 -0,656
12,738 1,421 -0,972
12,763 1,687 -1,288
12,788 1,976 -1,579
12,813 2,220 -1,871
12,838 2,464 -2,090
12,863 2,686 -2,308
12,888 2,886 -2,503
12,913 2,997 -2,697
12,938 3,130 -2,770
12,963 3,197 -2,892
12,988 3,263 -2,940
13,013 3,241 -2,965
13,038 3,219 -2,916
13,063 3,175 -2,867
13,088 3,086 -2,722
13,113 2,930 -2,600
13,138 2,775 -2,430
13,163 2,531 -2,260
13,188 2,331 -2,017
13,213 2,065 -1,798
13,238 1,843 -1,482
13,263 1,532 -1,191
13,288 1,243 -0,875
13,313 0,888 -0,583
13,338 0,622 -0,219
13,363 0,289 0,097
13,388 0,000 0,437
13,413 -0,333 0,705
13,438 -0,599 1,021
13,463 -0,888 1,312
13,488 -1,110 1,604
13,513 -1,376 1,798
13,538 -1,576 2,065
13,563 -1,798 2,236
13,588 -1,931 2,381
13,613 -2,065 2,527
13,639 -2,131 2,649
13,664 -2,198 2,673
13,689 -2,198 2,697
13,714 -2,198 2,697
13,740 -2,109 2,624
13,765 -2,042 2,527
13,790 -1,887 2,430
13,815 -1,754 2,260
13,840 -1,554 2,090
13,865 -1,354 1,847
13,890 -1,088 1,628
13,915 -0,821 1,337
13,941 -0,555 1,093
13,966 -0,266 0,753
13,991 0,022 0,462
14,016 0,355 0,097
14,041 0,688 -0,194
14,066 0,999 -0,535
14,091 1,288 -0,850
14,116 1,576 -1,166
14,141 1,887 -1,458
14,166 2,131 -1,750
14,191 2,375 -1,993
14,216 2,597 -2,211
14,241 2,797 -2,406
14,266 2,953 -2,576
14,291 3,086 -2,697
14,316 3,152 -2,794
14,341 3,263 -2,867
14,366 3,263 -2,916
14,391 3,241 -2,867
14,416 3,175 -2,843
14,441 3,108 -2,722
14,466 2,975 -2,624
14,491 2,819 -2,454
14,516 2,642 -2,284
14,541 2,442 -2,065
14,566 2,176 -1,823
14,591 1,909 -1,555
14,616 1,643 -1,288
14,641 1,354 -0,972
14,666 1,021 -0,680
14,691 0,710 -0,364
14,716 0,400 -0,049
14,741 0,111 0,292
14,766 -0,222 0,607
14,791 -0,511 0,875
14,816 -0,799 1,166
14,841 -1,021 1,482
14,866 -1,288 1,677
14,891 -1,487 1,944
14,916 -1,709 2,114
14,941 -1,865 2,308
14,967 -1,998 2,430
14,992 -2,109 2,527
15,017 -2,176 2,576
15,042 -2,198 2,624
15,067 -2,198 2,600
15,092 -2,131 2,576
15,117 -2,065 2,503
15,142 -1,954 2,430
15,167 -1,820 2,260
15,192 -1,643 2,090
15,217 -1,443 1,871
15,242 -1,221 1,652
15,268 -0,932 1,409
15,293 -0,688 1,118
15,318 -0,422 0,875
15,343 -0,133 0,535
15,368 0,200 0,243
15,393 0,533 -0,073
15,418 0,844 -0,389
15,443 1,132 -0,729
15,468 1,443 -1,021
15,493 1,709 -1,312
15,518 2,020 -1,579
15,543 2,264 -1,871
15,568 2,509 -2,090
15,593 2,708 -2,308
15,618 2,886 -2,479
15,643 3,019 -2,624
15,668 3,108 -2,722
15,693 3,175 -2,794
15,718 3,241 -2,843
15,743 3,241 -2,843
15,768 3,219 -2,819
15,793 3,152 -2,770
15,818 3,041 -2,649
15,843 2,908 -2,503
15,868 2,731 -2,308
15,893 2,531 -2,114
15,918 2,287 -1,920
15,943 2,042 -1,652
15,968 1,776 -1,361
15,993 1,487 -1,069
16,018 1,177 -0,753
16,043 0,866 -0,462
16,068 0,555 -0,146
16,093 0,244 0,194
16,118 -0,044 0,486
16,145 -0,355 0,778
16,170 -0,622 1,093
16,195 -0,932 1,361
16,220 -1,154 1,628
16,245 -1,399 1,847
16,270 -1,621 2,041
16,295 -1,820 2,211
16,320 -1,909 2,357
16,345 -2,042 2,479
16,370 -2,109 2,551
16,395 -2,176 2,576
16,420 -2,176 2,600
16,446 -2,176 2,576
16,471 -2,109 2,527
16,496 -2,020 2,406
16,521 -1,865 2,308
16,546 -1,709 2,138
16,571 -1,510 1,944
16,596 -1,288 1,725
16,621 -1,043 1,507
16,646 -0,799 1,215
16,671 -0,511 0,948
16,696 -0,244 0,607
16,721 0,067 0,340
16,746 0,377 0,000
16,771 0,710 -0,292
16,796 0,999 -0,632
16,821 1,310 -0,923
16,846 1,576 -1,239
16,871 1,865 -1,507
16,896 2,109 -1,774
16,921 2,398 -1,993
16,946 2,575 -2,211
16,972 2,797 -2,406
16,998 2,930 -2,576
17,023 3,064 -2,673
17,048 3,130 -2,770
17,074 3,175 -2,843
17,099 3,219 -2,867
17,124 3,197 -2,794
17,149 3,130 -2,746
17,174 3,041 -2,624
17,199 2,908 -2,527
17,225 2,753 -2,333
17,251 2,575 -2,114
17,276 2,353 -1,920
17,301 2,131 -1,652
17,326 1,843 -1,385
17,351 1,576 -1,093
17,376 1,265 -0,802
17,402 0,977 -0,486
17,427 0,622 -0,170
17,452 0,355 0,146
17,477 0,067 0,437
17,502 -0,244 0,778
17,527 -0,533 1,045
17,552 -0,799 1,312
17,577 -1,088 1,579
17,602 -1,288 1,798
17,627 -1,510 1,993
17,652 -1,709 2,187
17,677 -1,843 2,308
17,702 -1,976 2,479
17,727 -2,087 2,527
17,752 -2,131 2,576
17,777 -2,131 2,576
17,802 -2,087 2,600
17,827 -2,087 2,527
17,852 -1,976 2,430
17,877 -1,865 2,284
17,902 -1,709 2,163
17,927 -1,554 1,944
17,952 -1,332 1,774
17,977 -1,110 1,507
18,002 -0,844 1,288
18,027 -0,599 0,996
18,052 -0,289 0,680
18,077 -0,022 0,364
18,103 0,289 0,073
18,128 0,599 -0,267
18,153 0,910 -0,559
18,178 1,221 -0,875
18,203 1,487 -1,166
18,228 1,754 -1,458
18,253 2,042 -1,701
18,278 2,264 -1,968
18,303 2,509 -2,163
18,328 2,686 -2,357
18,353 2,864 -2,527
18,378 2,997 -2,673
18,403 3,108 -2,722
18,428 3,152 -2,819
18,453 3,175 -2,819
18,478 3,152 -2,819
18,503 3,130 -2,746
18,528 3,019 -2,697
18,553 2,930 -2,551
18,578 2,775 -2,406
18,603 2,597 -2,187
18,628 2,398 -2,017
18,653 2,176 -1,750
18,678 1,909 -1,507
18,703 1,665 -1,215
18,728 1,376 -0,948
18,753 1,110 -0,607
18,778 0,799 -0,316
18,803 0,511 0,024
18,828 0,200 0,316
18,853 -0,089 0,632
18,878 -0,377 0,923
18,903 -0,666 1,215
18,928 -0,932 1,458
18,953 -1,132 1,701
18,978 -1,376 1,920
19,003 -1,554 2,138
19,028 -1,732 2,260
19,053 -1,843 2,406
19,078 -1,954 2,479
19,103 -2,020 2,576
19,128 -2,065 2,576
19,153 -2,065 2,600
19,178 -2,020 2,527
19,203 -1,954 2,479
19,228 -1,887 2,357
19,253 -1,732 2,236
19,278 -1,576 2,041
19,303 -1,354 1,871
19,328 -1,177 1,628
19,353 -0,932 1,385
19,378 -0,710 1,118
19,403 -0,422 0,850
19,428 -0,155 0,535
19,453 0,155 0,219
19,478 0,444 -0,097
19,503 0,755 -0,389
19,528 1,066 -0,729
19,553 1,354 -1,021
19,578 1,576 -1,288
19,603 1,887 -1,579
19,628 2,131 -1,847
19,653 2,375 -2,041
19,678 2,553 -2,260
19,703 2,775 -2,430
19,728 2,886 -2,576
19,753 2,997 -2,722
19,778 3,064 -2,794
19,803 3,130 -2,819
19,828 3,130 -2,819
19,853 3,130 -2,770
19,878 3,041 -2,722
19,903 2,953 -2,600
19,928 2,775 -2,479
19,953 2,642 -2,308
19,978 2,442 -2,138
20,003 2,264 -1,895
20,028 2,020 -1,677
20,055 1,754 -1,385
20,080 1,465 -1,093
20,105 1,177 -0,802
20,130 0,866 -0,486
20,155 0,599 -0,170
20,180 0,289 0,146
20,205 0,000 0,462
20,230 -0,289 0,753
20,255 -0,555 1,069
20,280 -0,821 1,312
20,305 -1,043 1,579
20,330 -1,265 1,798
20,355 -1,465 2,017
20,380 -1,643 2,163
20,405 -1,776 2,333
20,430 -1,909 2,430
20,455 -1,976 2,527
20,480 -2,020 2,551
20,505 -2,020 2,576
20,530 -2,042 2,551
20,555 -1,954 2,503
20,580 -1,887 2,406
20,605 -1,776 2,308
20,631 -1,621 2,114
20,656 -1,421 1,968
20,681 -1,221 1,750
20,706 -0,999 1,458
20,731 -0,755 1,239
20,756 -0,488 0,972
20,781 -0,222 0,680
20,806 0,044 0,389
20,831 0,355 0,073
20,856 0,666 -0,219
20,881 0,977 -0,559
20,906 1,265 -0,850
20,931 1,532 -1,142
20,956 1,798 -1,409
20,981 2,042 -1,701
21,006 2,287 -1,895
21,031 2,486 -2,138
21,056 2,664 -2,333
21,081 2,819 -2,503
21,106 2,930 -2,600
21,131 3,019 -2,697
21,156 3,108 -2,746
21,181 3,086 -2,819
21,206 3,086 -2,770
21,231 3,019 -2,722
21,256 2,953 -2,649
21,281 2,842 -2,551
21,306 2,686 -2,381
21,331 2,486 -2,236
21,356 2,309 -1,993
21,381 2,065 -1,750
21,406 1,843 -1,458
21,431 1,554 -1,215
21,456 1,288 -0,948
21,481 0,977 -0,680
21,506 0,710 -0,340
21,531 0,377 -0,049
21,556 0,133 0,267
21,581 -0,200 0,559
21,606 -0,444 0,875
21,631 -0,733 1,118
21,656 -0,955 1,409
21,682 -1,199 1,628
21,707 -1,399 1,871
21,732 -1,576 2,017
21,757 -1,754 2,211
21,783 -1,887 2,333
21,808 -1,976 2,430
21,835 -1,998 2,503
21,860 -2,042 2,503
21,885 -2,020 2,527
21,910 -1,998 2,479
21,935 -1,887 2,406
21,960 -1,776 2,284
21,985 -1,621 2,138
22,010 -1,487 1,968
22,035 -1,288 1,823
22,060 -1,066 1,579
22,085 -0,821 1,337
22,110 -0,555 1,045
22,135 -0,289 0,802
22,160 0,000 0,486
22,185 0,289 0,219
22,210 0,577 -0,097
22,235 0,888 -0,413
22,260 1,154 -0,705
22,285 1,465 -0,996
22,310 1,709 -1,288
22,335 1,976 -1,555
22,360 2,198 -1,798
22,385 2,442 -1,993
22,410 2,597 -2,211
22,435 2,753 -2,357
22,460 2,886 -2,527
22,486 2,975 -2,600
22,511 3,041 -2,722
22,536 3,108 -2,746
22,561 3,086 -2,746
22,586 3,064 -2,673
22,611 2,997 -2,649
22,636 2,864 -2,503
22,661 2,731 -2,381
22,686 2,553 -2,211
22,711 2,353 -2,041
22,736 2,131 -1,798
22,761 1,887 -1,579
22,786 1,665 -1,288
22,811 1,376 -1,021
22,836 1,110 -0,729
22,861 0,799 -0,437
22,886 0,511 -0,097
22,911 0,200 0,170
22,936 -0,089 0,486
22,961 -0,377 0,778
22,986 -0,599 1,045
23,011 -0,888 1,288
23,036 -1,088 1,531
23,061 -1,332 1,725
23,086 -1,510 1,944
23,111 -1,665 2,090
23,136 -1,798 2,236
23,161 -1,909 2,333
23,186 -1,976 2,406
23,211 -2,042 2,430
23,236 -2,042 2,479
23,262 -2,020 2,430
23,288 -1,931 2,406
23,313 -1,865 2,284
23,338 -1,709 2,163
23,363 -1,532 1,993
23,388 -1,332 1,847
23,413 -1,132 1,604
23,438 -0,888 1,385
23,463 -0,688 1,142
23,488 -0,400 0,899
23,513 -0,111 0,583
23,538 0,155 0,292
23,563 0,422 -0,024
23,588 0,733 -0,292
23,613 1,043 -0,583
23,638 1,332 -0,875
23,663 1,598 -1,166
23,688 1,865 -1,409
23,713 2,109 -1,701
23,738 2,331 -1,895
23,763 2,509 -2,114
23,788 2,708 -2,260
23,813 2,842 -2,406
23,838 2,953 -2,527
23,863 3,041 -2,624
23,888 3,086 -2,649
23,913 3,064 -2,673
23,939 3,086 -2,673
23,965 3,019 -2,600
23,990 2,908 -2,527
24,015 2,775 -2,381
24,040 2,620 -2,260
24,065 2,442 -2,065
24,090 2,220 -1,847
24,115 1,998 -1,604
24,140 1,754 -1,361
24,165 1,487 -1,069
24,190 1,199 -0,802
24,215 0,955 -0,510
24,240 0,644 -0,219
24,265 0,333 0,097
24,290 0,022 0,340
24,315 -0,244 0,656
24,340 -0,511 0,923
24,365 -0,777 1,191
24,390 -1,021 1,434
24,415 -1,221 1,677
24,440 -1,421 1,847
24,465 -1,576 2,017
24,490 -1,732 2,163
24,515 -1,865 2,260
24,540 -1,954 2,333
24,565 -1,998 2,406
24,590 -2,020 2,430
24,615 -1,998 2,406
24,640 -1,976 2,357
24,665 -1,887 2,284
24,690 -1,776 2,163
24,715 -1,621 2,041
24,740 -1,465 1,847
24,765 -1,265 1,677
24,790 -1,043 1,434
24,815 -0,799 1,191
24,840 -0,555 0,972
24,865 -0,289 0,680
24,890 -0,022 0,364
24,915 0,266 0,073
24,940 0,555 -0,219
24,965 0,866 -0,510
24,990 1,154 -0,802
25,015 1,421 -1,069
25,040 1,687 -1,312
25,065 1,976 -1,579
25,090 2,176 -1,823
25,115 2,375 -2,017
25,140 2,575 -2,187
25,165 2,708 -2,357
25,190 2,864 -2,479
25,216 2,975 -2,576
25,242 3,041 -2,673
25,267 3,086 -2,649
25,292 3,086 -2,649
25,317 3,041 -2,600
25,342 2,953 -2,527
25,367 2,842 -2,406
25,393 2,686 -2,260
25,418 2,531 -2,090
25,443 2,331 -1,895
25,468 2,109 -1,652
25,493 1,865 -1,434
25,519 1,621 -1,142
25,545 1,332 -0,875
25,570 1,021 -0,583
25,595 0,755 -0,316
25,621 0,488 0,024
25,646 0,178 0,292
25,671 -0,133 0,583
25,696 -0,377 0,899
25,721 -0,644 1,118
25,747 -0,866 1,385
25,772 -1,132 1,579
25,797 -1,332 1,847
25,823 -1,510 1,993
25,848 -1,643 2,138
25,873 -1,798 2,236
25,898 -1,887 2,357
25,923 -1,931 2,381
25,948 -1,931 2,430
25,974 -1,954 2,381
25,999 -1,909 2,381
26,024 -1,865 2,284
26,049 -1,732 2,187
26,074 -1,621 2,041
26,100 -1,421 1,871
26,125 -1,265 1,677
26,150 -1,043 1,458
26,175 -0,821 1,215
26,200 -0,555 0,948
26,225 -0,311 0,680
26,250 -0,044 0,389
26,275 0,244 0,097
26,300 0,533 -0,194
26,325 0,799 -0,486
26,350 1,110 -0,778
26,375 1,376 -1,045
26,400 1,643 -1,288
26,425 1,865 -1,579
26,450 2,131 -1,798
26,476 2,331 -2,017
26,501 2,509 -2,211
26,526 2,664 -2,357
26,551 2,775 -2,479
26,576 2,908 -2,600
26,602 2,953 -2,649
26,627 3,019 -2,673
26,652 3,019 -2,673
26,677 2,997 -2,624
26,703 2,930 -2,551
26,728 2,842 -2,406
26,753 2,686 -2,260
26,778 2,531 -2,065
26,805 2,309 -1,895
26,830 2,109 -1,677
26,855 1,865 -1,434
26,880 1,621 -1,166
26,905 1,354 -0,899
26,930 1,088 -0,583
26,956 0,799 -0,340
26,981 0,511 -0,024
27,006 0,222 0,267
27,031 -0,044 0,559
27,056 -0,333 0,826
27,081 -0,577 1,118
27,106 -0,821 1,337
27,131 -1,043 1,579
27,156 -1,243 1,774
27,181 -1,421 1,968
27,206 -1,598 2,065
27,231 -1,732 2,211
27,256 -1,820 2,333
27,281 -1,865 2,406
27,306 -1,909 2,430
27,331 -1,909 2,430
27,356 -1,887 2,381
27,381 -1,798 2,333
27,406 -1,709 2,211
27,431 -1,576 2,114
27,456 -1,443 1,920
27,482 -1,265 1,725
27,507 -1,043 1,531
27,532 -0,844 1,288
27,557 -0,599 1,045
27,582 -0,355 0,778
27,607 -0,089 0,486
27,632 0,178 0,170
27,657 0,444 -0,121
27,683 0,733 -0,437
27,708 1,043 -0,680
27,735 1,310 -0,972
27,760 1,576 -1,264
27,785 1,820 -1,531
27,810 2,065 -1,750
27,835 2,264 -1,968
27,860 2,442 -2,163
27,885 2,620 -2,333
27,910 2,775 -2,430
27,935 2,842 -2,551
27,960 2,953 -2,600
27,985 2,975 -2,673
28,010 2,975 -2,649
28,035 2,930 -2,624
28,060 2,886 -2,551
28,085 2,753 -2,454
28,110 2,664 -2,333
28,135 2,486 -2,187
28,160 2,331 -1,968
28,186 2,109 -1,774
28,212 1,909 -1,507
28,237 1,643 -1,264
28,262 1,376 -0,996
28,287 1,110 -0,729
28,312 0,844 -0,437
28,337 0,555 -0,146
28,363 0,266 0,146
28,388 0,000 0,486
28,413 -0,266 0,753
28,438 -0,511 1,021
28,463 -0,777 1,264
28,488 -0,977 1,482
28,513 -1,177 1,701
28,538 -1,376 1,895
28,563 -1,510 2,041
28,588 -1,643 2,187
28,613 -1,754 2,284
28,638 -1,843 2,357
28,663 -1,865 2,381
28,688 -1,865 2,406
28,713 -1,843 2,357
28,738 -1,776 2,308
28,763 -1,687 2,211
28,788 -1,554 2,114
28,813 -1,443 1,968
28,838 -1,288 1,798
28,863 -1,088 1,579
28,888 -0,888 1,361
28,913 -0,644 1,093
28,938 -0,400 0,850
28,963 -0,133 0,559
28,988 0,155 0,292
29,013 0,400 0,000
29,038 0,688 -0,267
29,063 0,977 -0,559
29,088 1,243 -0,850
29,114 1,487 -1,142
29,139 1,732 -1,409
29,164 1,976 -1,652
29,189 2,220 -1,871
29,216 2,398 -2,090
29,241 2,575 -2,236
29,266 2,708 -2,406
29,291 2,797 -2,479
29,316 2,864 -2,576
29,341 2,930 -2,600
29,366 2,930 -2,649
29,391 2,908 -2,624
29,416 2,842 -2,576
29,441 2,775 -2,503
29,466 2,642 -2,381
29,491 2,531 -2,187
29,516 2,331 -2,041
29,541 2,131 -1,798
29,566 1,909 -1,604
29,591 1,709 -1,361
29,616 1,443 -1,093
29,641 1,177 -0,826
29,666 0,932 -0,535
29,691 0,666 -0,243
29,716 0,355 0,024
29,741 0,089 0,316
29,766 -0,178 0,583
29,791 -0,422 0,875
29,816 -0,688 1,118
29,841 -0,866 1,361
29,866 -1,132 1,579
29,891 -1,310 1,774
29,916 -1,465 1,944
29,941 -1,576 2,114
29,966 -1,732 2,211
29,991 -1,798 2,308
30,016 -1,843 2,333
30,041 -1,843 2,381
30,066 -1,865 2,357
30,091 -1,776 2,308
30,116 -1,709 2,260
30,141 -1,598 2,163
30,166 -1,510 2,041
30,191 -1,332 1,871
30,216 -1,154 1,677
30,241 -0,932 1,458
30,266 -0,710 1,215
30,291 -0,466 0,996
30,316 -0,244 0,705
30,341 0,044 0,437
30,366 0,311 0,146
30,391 0,599 -0,121
30,416 0,888 -0,437
30,441 1,154 -0,680
30,466 1,399 -0,972
30,491 1,665 -1,215
30,516 1,887 -1,507
30,541 2,131 -1,701
30,566 2,309 -1,920
30,591 2,486 -2,065
30,616 2,620 -2,260
30,641 2,775 -2,381
30,666 2,842 -2,503
30,691 2,930 -2,551
30,716 2,930 -2,600
30,741 2,930 -2,576
30,766 2,886 -2,551
30,791 2,819 -2,479
30,816 2,708 -2,406
30,841 2,597 -2,236
30,866 2,420 -2,090
30,891 2,264 -1,895
30,916 2,020 -1,701
30,941 1,820 -1,482
30,967 1,576 -1,239
30,992 1,310 -0,972
31,017 1,043 -0,705
31,042 0,777 -0,389
31,067 0,488 -0,146
31,093 0,222 0,146
31,118 -0,044 0,413
31,143 -0,311 0,729
31,168 -0,577 0,948
31,193 -0,777 1,239
31,218 -1,021 1,434
31,243 -1,221 1,652
31,268 -1,399 1,798
31,293 -1,510 1,993
31,319 -1,665 2,090
31,344 -1,776 2,187
31,369 -1,843 2,284
31,394 -1,843 2,308
31,419 -1,865 2,308
31,444 -1,820 2,308
31,469 -1,776 2,211
31,494 -1,643 2,138
31,519 -1,532 1,993
31,545 -1,354 1,871
31,570 -1,221 1,677
31,596 -0,999 1,482
31,621 -0,799 1,264
31,646 -0,555 1,021
31,671 -0,311 0,778
31,697 -0,067 0,486
31,722 0,222 0,219
31,747 0,511 -0,073
31,772 0,799 -0,340
31,798 1,043 -0,632
31,823 1,310 -0,875
31,849 1,576 -1,166
31,874 1,843 -1,409
31,899 2,065 -1,628
31,924 2,287 -1,823
31,949 2,442 -2,017
31,974 2,620 -2,163
31,999 2,731 -2,333
32,024 2,842 -2,406
32,049 2,908 -2,503
32,075 2,953 -2,527
32,101 2,930 -2,551
32,126 2,886 -2,503
32,151 2,819 -2,430
32,176 2,753 -2,357
32,201 2,597 -2,236
32,226 2,464 -2,090
32,251 2,264 -1,895
32,276 2,087 -1,701
32,301 1,820 -1,482
32,326 1,621 -1,264
32,351 1,354 -0,996
32,376 1,110 -0,705
32,401 0,821 -0,462
32,426 0,555 -0,170
32,451 0,289 0,097
32,476 0,022 0,413
32,501 -0,266 0,656
32,526 -0,511 0,948
32,551 -0,733 1,142
32,576 -0,955 1,385
32,601 -1,154 1,555
32,626 -1,332 1,750
32,651 -1,487 1,920
32,676 -1,598 2,065
32,701 -1,709 2,138
32,726 -1,798 2,211
32,751 -1,843 2,236
32,776 -1,865 2,260
32,801 -1,865 2,260
32,826 -1,776 2,211
32,851 -1,687 2,114
32,876 -1,554 2,017
32,901 -1,443 1,847
32,926 -1,265 1,701
32,951 -1,110 1,507
32,976 -0,866 1,288
33,001 -0,666 1,069
33,026 -0,422 0,850
33,051 -0,155 0,559
33,076 0,111 0,267
33,101 0,400 0,024
33,126 0,644 -0,267
33,151 0,932 -0,559
33,176 1,199 -0,802
33,201 1,443 -1,069
33,226 1,709 -1,288
33,251 1,909 -1,507
33,276 2,153 -1,750
33,301 2,331 -1,944
33,326 2,509 -2,090
33,351 2,642 -2,260
33,376 2,775 -2,357
33,401 2,842 -2,454
33,426 2,908 -2,503
33,451 2,886 -2,527
33,476 2,908 -2,479
33,501 2,842 -2,454
33,526 2,753 -2,357
33,551 2,664 -2,260
33,576 2,531 -2,114
33,601 2,353 -1,944
33,626 2,198 -1,750
33,651 1,976 -1,555
33,676 1,754 -1,312
33,701 1,487 -1,093
33,726 1,243 -0,802
33,751 0,977 -0,559
33,776 0,733 -0,267
33,801 0,466 0,000
33,826 0,200 0,292
33,851 -0,067 0,535
33,876 -0,311 0,826
33,901 -0,577 1,069
33,926 -0,799 1,288
33,951 -1,021 1,482
33,976 -1,177 1,701
34,001 -1,354 1,823
34,026 -1,465 1,968
34,051 -1,643 2,090
34,076 -1,687 2,187
34,101 -1,754 2,211
34,126 -1,798 2,260
34,151 -1,820 2,236
34,176 -1,754 2,236
34,201 -1,732 2,114
34,226 -1,621 2,017
34,251 -1,510 1,920
34,276 -1,332 1,774
34,301 -1,199 1,555
34,326 -0,977 1,385
34,351 -0,777 1,142
34,376 -0,533 0,948
34,401 -0,311 0,656
34,426 -0,044 0,437
34,451 0,222 0,121
34,476 0,511 -0,146
34,501 0,777 -0,413
34,526 1,021 -0,680
34,551 1,265 -0,948
34,576 1,532 -1,191
34,601 1,754 -1,434
34,626 1,998 -1,652
34,651 2,198 -1,823
34,676 2,375 -2,017
34,701 2,531 -2,211
34,726 2,664 -2,284
34,751 2,775 -2,430
34,776 2,842 -2,454
34,801 2,864 -2,503
34,826 2,864 -2,503
34,851 2,819 -2,454
34,876 2,775 -2,381
34,901 2,708 -2,308
34,926 2,597 -2,187
34,951 2,442 -2,041
34,976 2,287 -1,871
35,001 2,065 -1,701
35,026 1,843 -1,434
35,051 1,643 -1,215
35,076 1,399 -0,923
35,101 1,132 -0,680
35,126 0,888 -0,413
35,151 0,622 -0,146
35,176 0,377 0,146
35,201 0,089 0,389
35,226 -0,178 0,680
35,251 -0,422 0,923
35,277 -0,622 1,166
35,302 -0,866 1,385
35,327 -1,066 1,604
35,352 -1,243 1,774
35,377 -1,376 1,920
35,402 -1,510 2,041
35,428 -1,598 2,138
35,453 -1,687 2,187
35,479 -1,732 2,260
35,505 -1,776 2,260
35,530 -1,732 2,211
35,555 -1,665 2,163
35,580 -1,598 2,090
35,605 -1,510 1,968
35,631 -1,376 1,823
35,656 -1,199 1,677
35,681 -1,021 1,458
35,706 -0,777 1,264
35,731 -0,622 1,021
35,756 -0,355 0,753
35,781 -0,133 0,486
35,806 0,155 0,243
35,831 0,400 -0,024
35,856 0,666 -0,292
35,881 0,910 -0,583
35,906 1,221 -0,826
35,931 1,443 -1,118
35,956 1,665 -1,337
35,981 1,865 -1,579
36,006 2,109 -1,774
36,031 2,264 -1,993
36,056 2,442 -2,114
36,081 2,575 -2,260
36,106 2,686 -2,357
36,131 2,731 -2,454
36,156 2,797 -2,479
36,181 2,819 -2,503
36,206 2,797 -2,479
36,231 2,731 -2,430
36,256 2,686 -2,333
36,281 2,575 -2,260
36,306 2,442 -2,090
36,331 2,287 -1,944
36,356 2,109 -1,750
36,381 1,887 -1,555
36,406 1,687 -1,312
36,431 1,443 -1,069
36,456 1,199 -0,778
36,481 0,932 -0,535
36,506 0,688 -0,243
36,531 0,400 0,049
36,556 0,155 0,316
36,581 -0,089 0,535
36,606 -0,311 0,826
36,631 -0,555 1,069
36,656 -0,777 1,288
36,681 -0,977 1,531
36,706 -1,154 1,701
36,731 -1,310 1,847
36,756 -1,443 1,968
36,781 -1,554 2,090
36,806 -1,621 2,187
36,831 -1,687 2,211
36,856 -1,732 2,236
36,881 -1,687 2,236
36,906 -1,665 2,211
36,931 -1,576 2,114
36,956 -1,510 2,017
36,981 -1,399 1,895
37,006 -1,243 1,774
37,031 -1,088 1,555
37,056 -0,888 1,361
37,081 -0,688 1,142
37,106 -0,466 0,923
37,131 -0,244 0,656
37,156 0,000 0,389
37,181 0,266 0,121
37,206 0,533 -0,121
37,231 0,799 -0,389
37,256 1,043 -0,680
37,281 1,310 -0,972
37,306 1,532 -1,215
37,331 1,776 -1,434
37,356 1,998 -1,652
37,381 2,198 -1,847
37,406 2,353 -2,041
37,431 2,486 -2,187
37,456 2,597 -2,308
37,481 2,686 -2,381
37,506 2,731 -2,454
37,531 2,775 -2,503
37,556 2,775 -2,527
37,581 2,753 -2,454
37,606 2,686 -2,406
37,632 2,597 -2,284
37,657 2,486 -2,163
37,682 2,309 -2,017
37,707 2,153 -1,847
37,733 1,976 -1,677
37,758 1,754 -1,385
37,783 1,510 -1,166
37,808 1,310 -0,899
37,833 1,043 -0,656
37,858 0,777 -0,413
37,883 0,533 -0,146
37,908 0,289 0,170
37,933 0,000 0,364
37,958 -0,222 0,656
37,984 -0,466 0,923
38,009 -0,688 1,166
38,036 -0,910 1,385
38,061 -1,088 1,604
38,086 -1,265 1,725
38,111 -1,376 1,895
38,136 -1,510 2,017
38,161 -1,576 2,114
38,186 -1,665 2,163
38,212 -1,665 2,236
38,237 -1,665 2,211
38,262 -1,665 2,187
38,287 -1,598 2,138
38,312 -1,510 2,017
38,337 -1,376 1,920
38,362 -1,221 1,774
38,387 -1,066 1,604
38,412 -0,910 1,434
38,437 -0,710 1,239
38,462 -0,488 0,996
38,487 -0,266 0,753
38,512 0,000 0,462
38,537 0,244 0,194
38,562 0,511 -0,049
38,587 0,755 -0,292
38,612 0,999 -0,583
38,637 1,288 -0,826
38,662 1,510 -1,069
38,687 1,709 -1,337
38,712 1,931 -1,531
38,737 2,131 -1,725
38,762 2,287 -1,920
38,787 2,442 -2,090
38,812 2,553 -2,211
38,837 2,642 -2,308
38,862 2,731 -2,406
38,887 2,775 -2,454
38,912 2,775 -2,430
38,937 2,731 -2,430
38,963 2,686 -2,381
38,988 2,597 -2,284
39,013 2,486 -2,163
39,038 2,331 -2,017
39,063 2,198 -1,871
39,088 2,020 -1,677
39,113 1,798 -1,507
39,138 1,576 -1,264
39,163 1,354 -1,021
39,188 1,132 -0,778
39,213 0,866 -0,535
39,238 0,622 -0,267
39,263 0,333 0,000
39,288 0,089 0,243
39,313 -0,155 0,535
39,338 -0,377 0,778
39,363 -0,622 0,996
39,388 -0,844 1,264
39,413 -1,021 1,434
39,438 -1,199 1,628
39,463 -1,354 1,774
39,488 -1,465 1,895
39,513 -1,554 1,993
39,538 -1,621 2,065
39,563 -1,665 2,138
39,588 -1,687 2,138
39,613 -1,665 2,163
39,638 -1,643 2,114
39,663 -1,532 2,041
39,689 -1,465 1,944
39,714 -1,332 1,798
39,739 -1,177 1,652
39,764 -1,021 1,482
39,789 -0,799 1,337
39,814 -0,622 1,093
39,839 -0,377 0,875
39,864 -0,155 0,607
39,889 0,133 0,340
39,915 0,377 0,073
39,940 0,644 -0,170
39,965 0,910 -0,462
39,990 1,177 -0,680
40,015 1,376 -0,948
40,040 1,643 -1,166
40,065 1,843 -1,409
40,090 2,042 -1,604
40,115 2,242 -1,798
40,140 2,398 -1,944
40,165 2,509 -2,138
40,190 2,620 -2,211
40,215 2,686 -2,308
40,240 2,775 -2,333
40,265 2,775 -2,381
40,291 2,775 -2,357
40,316 2,708 -2,333
40,341 2,664 -2,260
40,366 2,531 -2,163
40,391 2,420 -2,017
40,416 2,264 -1,895
40,441 2,109 -1,701
40,466 1,909 -1,531
40,491 1,709 -1,312
40,516 1,465 -1,093
40,541 1,221 -0,826
40,566 0,977 -0,607
40,591 0,733 -0,340
40,616 0,466 -0,073
40,642 0,244 0,170
40,667 -0,044 0,437
40,692 -0,289 0,705
40,717 -0,533 0,923
40,743 -0,755 1,166
40,768 -0,932 1,361
40,793 -1,110 1,555
40,818 -1,288 1,701
40,843 -1,421 1,847
40,868 -1,532 1,920
40,893 -1,576 2,017
40,918 -1,621 2,065
40,943 -1,665 2,114
40,968 -1,665 2,090
40,993 -1,621 2,065
41,018 -1,598 1,993
41,043 -1,487 1,920
41,068 -1,376 1,798
41,093 -1,221 1,701
41,118 -1,066 1,482
41,143 -0,866 1,337
41,168 -0,688 1,093
41,193 -0,444 0,899
41,218 -0,244 0,656
41,243 0,044 0,413
41,268 0,266 0,146
41,293 0,511 -0,073
41,318 0,755 -0,364
41,343 1,021 -0,607
41,368 1,265 -0,850
41,393 1,510 -1,069
41,418 1,732 -1,312
41,443 1,954 -1,507
41,468 2,109 -1,701
41,493 2,309 -1,871
41,518 2,442 -2,017
41,543 2,575 -2,114
41,568 2,642 -2,236
41,593 2,731 -2,284
41,618 2,731 -2,357
41,643 2,775 -2,333
41,668 2,731 -2,333
41,693 2,686 -2,260
41,718 2,597 -2,187
41,743 2,486 -2,041
41,768 2,353 -1,944
41,793 2,198 -1,750
41,818 1,998 -1,555
41,843 1,820 -1,337
41,868 1,576 -1,166
41,893 1,354 -0,923
41,918 1,110 -0,680
41,943 0,888 -0,437
41,968 0,599 -0,170
41,993 0,377 0,097
42,018 0,111 0,340
42,043 -0,111 0,607
42,068 -0,377 0,826
42,093 -0,577 1,045
42,118 -0,821 1,264
42,145 -0,999 1,458
42,170 -1,177 1,628
42,195 -1,288 1,798
42,220 -1,443 1,871
42,245 -1,532 1,968
42,270 -1,576 2,041
42,295 -1,598 2,114
42,320 -1,665 2,090
42,345 -1,621 2,090
42,370 -1,598 2,017
42,395 -1,487 1,944
42,420 -1,421 1,823
42,445 -1,288 1,725
42,470 -1,154 1,555
42,495 -0,977 1,385
42,520 -0,799 1,191
42,545 -0,577 0,996
42,570 -0,355 0,753
42,595 -0,089 0,510
42,621 0,111 0,243
42,646 0,400 0,000
42,671 0,622 -0,267
42,696 0,866 -0,510
42,721 1,110 -0,753
42,746 1,399 -1,021
42,771 1,598 -1,264
42,796 1,798 -1,434
42,821 1,976 -1,652
42,846 2,198 -1,798
42,871 2,309 -1,968
42,896 2,464 -2,090
42,921 2,553 -2,236
42,946 2,664 -2,284
42,971 2,708 -2,308
42,996 2,731 -2,308
43,021 2,686 -2,308
43,046 2,664 -2,260
43,071 2,575 -2,211
43,096 2,509 -2,114
43,121 2,398 -1,993
43,146 2,264 -1,823
43,171 2,065 -1,652
43,196 1,887 -1,409
43,221 1,665 -1,239
43,246 1,465 -0,996
43,272 1,243 -0,778
43,297 0,977 -0,535
43,322 0,733 -0,267
43,347 0,466 -0,024
43,372 0,244 0,243
43,397 0,000 0,486
43,422 -0,222 0,753
43,448 -0,444 0,972
43,473 -0,688 1,191
43,498 -0,866 1,385
43,523 -1,043 1,555
43,549 -1,221 1,701
43,574 -1,354 1,847
43,599 -1,421 1,944
43,624 -1,532 2,041
43,649 -1,576 2,065
43,674 -1,576 2,090
43,700 -1,576 2,065
43,725 -1,532 2,041
43,750 -1,487 1,944
43,775 -1,421 1,871
43,801 -1,310 1,725
43,826 -1,132 1,604
43,851 -0,977 1,409
43,876 -0,799 1,239
43,901 -0,622 1,021
43,926 -0,400 0,826
43,951 -0,200 0,583
43,976 0,044 0,340
44,001 0,289 0,073
44,026 0,555 -0,194
44,051 0,799 -0,462
44,076 1,021 -0,680
44,101 1,243 -0,923
44,126 1,510 -1,166
44,151 1,709 -1,385
44,176 1,909 -1,555
44,201 2,065 -1,774
44,226 2,242 -1,920
44,251 2,353 -2,090
44,276 2,464 -2,187
44,302 2,575 -2,284
44,327 2,642 -2,308
44,353 2,664 -2,357
44,378 2,664 -2,333
44,403 2,597 -2,308
44,428 2,575 -2,236
44,453 2,464 -2,138
44,478 2,353 -2,017
44,503 2,242 -1,871
44,528 2,109 -1,701
44,553 1,909 -1,507
44,578 1,709 -1,288
44,603 1,487 -1,093
44,628 1,265 -0,826
44,653 1,021 -0,607
44,678 0,799 -0,340
44,703 0,555 -0,073
44,728 0,333 0,170
44,753 0,089 0,389
44,779 -0,155 0,656
44,804 -0,400 0,875
44,829 -0,599 1,093
44,854 -0,799 1,288
44,879 -0,977 1,482
44,904 -1,154 1,677
44,929 -1,265 1,798
44,955 -1,376 1,871
44,980 -1,465 1,968
45,005 -1,487 2,065
45,031 -1,532 2,065
45,056 -1,510 2,090
45,081 -1,510 2,041
45,106 -1,465 1,993
45,131 -1,376 1,895
45,156 -1,288 1,823
45,181 -1,154 1,677
45,206 -0,999 1,531
45,232 -0,821 1,312
45,257 -0,622 1,118
45,282 -0,444 0,899
45,307 -0,200 0,680
45,332 0,022 0,413
45,357 0,244 0,194
45,382 0,488 -0,097
45,408 0,733 -0,364
45,433 0,977 -0,607
45,458 1,221 -0,826
45,483 1,421 -1,093
45,508 1,643 -1,312
45,534 1,820 -1,507
45,559 2,020 -1,701
45,584 2,176 -1,871
45,610 2,331 -2,017
45,636 2,420 -2,114
45,661 2,509 -2,211
45,686 2,597 -2,284
45,711 2,620 -2,333
45,736 2,620 -2,308
45,763 2,597 -2,284
45,788 2,553 -2,236
45,813 2,442 -2,138
45,838 2,353 -2,017
45,863 2,220 -1,895
45,888 2,087 -1,725
45,913 1,909 -1,579
45,938 1,687 -1,337
45,963 1,465 -1,142
45,988 1,265 -0,899
46,013 1,021 -0,680
46,038 0,821 -0,389
46,063 0,555 -0,170
46,088 0,355 0,121
46,113 0,067 0,340
46,138 -0,155 0,583
46,163 -0,377 0,802
46,189 -0,577 1,045
46,215 -0,755 1,239
46,240 -0,932 1,434
46,265 -1,110 1,604
46,290 -1,221 1,750
46,315 -1,354 1,847
46,340 -1,421 1,944
46,365 -1,487 2,017
46,390 -1,510 2,041
46,415 -1,532 2,065
46,440 -1,487 2,041
46,465 -1,443 1,968
46,490 -1,376 1,920
46,516 -1,288 1,798
46,541 -1,154 1,677
46,566 -1,021 1,555
46,591 -0,844 1,337
46,616 -0,644 1,166
46,641 -0,444 0,948
46,666 -0,222 0,729
46,691 0,000 0,486
46,716 0,244 0,243
46,741 0,466 -0,024
46,766 0,710 -0,267
46,791 0,932 -0,535
46,816 1,154 -0,753
46,841 1,376 -0,972
46,866 1,598 -1,215
46,891 1,820 -1,409
46,916 1,976 -1,628
46,941 2,176 -1,774
46,966 2,287 -1,944
46,991 2,442 -2,065
47,016 2,486 -2,163
47,041 2,553 -2,236
47,066 2,597 -2,284
47,091 2,620 -2,284
47,116 2,575 -2,284
47,141 2,531 -2,236
47,166 2,464 -2,138
47,191 2,398 -2,065
47,216 2,220 -1,944
47,241 2,109 -1,798
47,266 1,931 -1,628
47,291 1,754 -1,458
47,316 1,532 -1,239
47,341 1,354 -0,996
47,366 1,110 -0,802
47,391 0,910 -0,535
47,416 0,644 -0,292
47,442 0,422 -0,024
47,467 0,178 0,219
47,492 -0,067 0,437
47,517 -0,289 0,680
47,542 -0,488 0,899
47,567 -0,688 1,142
47,593 -0,866 1,288
47,618 -1,043 1,507
47,643 -1,199 1,652
47,668 -1,288 1,774
47,694 -1,376 1,847
47,719 -1,443 1,944
47,744 -1,510 1,993
47,769 -1,510 2,017
47,794 -1,510 1,993
47,819 -1,465 1,993
47,844 -1,399 1,895
47,870 -1,310 1,823
47,895 -1,199 1,701
47,920 -1,043 1,579
47,945 -0,910 1,385
47,970 -0,733 1,215
47,995 -0,511 0,996
48,020 -0,289 0,826
48,045 -0,089 0,583
48,070 0,155 0,340
48,095 0,355 0,097
48,121 0,622 -0,121
48,146 0,844 -0,413
48,171 1,110 -0,656
48,196 1,332 -0,899
48,221 1,554 -1,093
48,246 1,754 -1,312
48,271 1,954 -1,482
48,296 2,109 -1,677
48,321 2,264 -1,823
48,346 2,375 -1,968
48,372 2,464 -2,065
48,397 2,531 -2,163
48,422 2,597 -2,211
48,448 2,620 -2,236
48,473 2,597 -2,236
48,498 2,575 -2,187
48,523 2,531 -2,138
48,548 2,420 -2,041
48,573 2,309 -1,944
48,598 2,153 -1,774
48,623 1,998 -1,628
48,648 1,820 -1,458
48,673 1,598 -1,264
48,698 1,376 -1,045
48,723 1,199 -0,802
48,748 0,955 -0,559
48,773 0,688 -0,364
48,798 0,466 -0,121
48,823 0,244 0,121
48,848 0,000 0,364
48,873 -0,222 0,632
48,898 -0,444 0,826
48,923 -0,644 1,021
48,948 -0,821 1,215
48,973 -0,999 1,409
48,998 -1,132 1,531
49,023 -1,265 1,677
49,048 -1,354 1,750
49,073 -1,443 1,847
49,098 -1,510 1,895
49,123 -1,532 1,968
49,149 -1,532 1,944
49,174 -1,510 1,895
49,200 -1,421 1,871
49,225 -1,354 1,798
49,250 -1,243 1,701
49,275 -1,132 1,531
49,300 -0,955 1,409
49,325 -0,799 1,215
49,350 -0,599 1,045
49,375 -0,400 0,850
49,400 -0,155 0,632
49,425 0,044 0,364
49,451 0,311 0,170
49,476 0,511 -0,097
49,501 0,755 -0,292
49,526 0,977 -0,583
49,551 1,243 -0,802
49,576 1,443 -1,045
49,601 1,643 -1,215
49,626 1,843 -1,434
49,651 2,042 -1,604
49,676 2,176 -1,774
49,701 2,331 -1,871
49,726 2,442 -2,017
49,751 2,531 -2,090
49,776 2,575 -2,163
49,801 2,620 -2,187
49,826 2,597 -2,211
49,851 2,597 -2,163
49,876 2,531 -2,138
49,901 2,442 -2,041
49,926 2,353 -1,944
49,951 2,220 -1,798
49,976 2,087 -1,652
50,001 1,909 -1,482
50,026 1,732 -1,312
50,051 1,510 -1,069
50,076 1,310 -0,850
50,101 1,110 -0,656
50,126 0,844 -0,437
50,151 0,622 -0,170
50,176 0,377 0,049
50,201 0,155 0,292
50,226 -0,089 0,510
50,251 -0,311 0,778
50,276 -0,511 0,948
50,301 -0,666 1,142
50,326 -0,888 1,312
50,352 -1,021 1,482
50,377 -1,177 1,604
50,402 -1,288 1,750
50,427 -1,376 1,798
50,452 -1,421 1,895
50,477 -1,487 1,920
50,503 -1,465 1,944
50,528 -1,487 1,920
50,553 -1,443 1,895
50,578 -1,354 1,774
50,603 -1,243 1,701
50,628 -1,177 1,579
50,653 -1,021 1,434
50,678 -0,866 1,288
50,703 -0,688 1,118
50,728 -0,511 0,923
50,753 -0,289 0,680
50,778 -0,111 0,462
50,803 0,155 0,243
50,828 0,377 -0,024
50,853 0,622 -0,243
50,878 0,844 -0,486
50,903 1,110 -0,705
50,928 1,310 -0,923
50,953 1,532 -1,118
50,978 1,687 -1,337
51,003 1,887 -1,507
51,028 2,042 -1,725
51,053 2,220 -1,847
51,078 2,331 -1,968
51,103 2,442 -2,041
51,128 2,531 -2,138
51,153 2,575 -2,187
51,178 2,575 -2,187
51,203 2,575 -2,163
51,228 2,531 -2,138
51,253 2,464 -2,041
51,278 2,375 -1,968
51,303 2,287 -1,847
51,328 2,131 -1,750
51,353 1,998 -1,555
51,378 1,820 -1,361
51,403 1,643 -1,142
51,428 1,399 -0,948
51,453 1,221 -0,729
51,478 0,977 -0,510
51,503 0,755 -0,267
51,528 0,511 -0,049
51,553 0,289 0,219
51,578 0,022 0,437
51,604 -0,155 0,680
51,629 -0,377 0,875
51,654 -0,533 1,093
51,679 -0,733 1,264
51,705 -0,910 1,434
51,730 -1,088 1,579
51,755 -1,199 1,701
51,780 -1,310 1,774
51,805 -1,354 1,871
51,830 -1,421 1,895
51,855 -1,443 1,944
51,880 -1,443 1,895
51,905 -1,399 1,895
51,930 -1,376 1,823
51,955 -1,288 1,774
51,980 -1,199 1,628
52,005 -1,066 1,507
52,030 -0,910 1,337
52,055 -0,733 1,191
52,080 -0,577 0,948
52,106 -0,355 0,778
52,131 -0,155 0,510
52,156 0,067 0,292
52,181 0,289 0,073
52,206 0,533 -0,146
52,231 0,755 -0,437
52,256 0,977 -0,632
52,281 1,177 -0,850
52,306 1,376 -1,069
52,331 1,576 -1,288
52,356 1,776 -1,458
52,381 1,954 -1,652
52,406 2,109 -1,774
52,431 2,242 -1,920
52,456 2,353 -2,017
52,482 2,442 -2,114
52,507 2,486 -2,163
52,532 2,509 -2,187
52,557 2,486 -2,211
52,582 2,486 -2,163
52,607 2,442 -2,114
52,632 2,375 -2,017
52,657 2,287 -1,920
52,682 2,153 -1,798
52,707 1,998 -1,628
52,733 1,820 -1,434
52,758 1,643 -1,239
52,783 1,465 -1,021
52,808 1,243 -0,826
52,833 1,043 -0,583
52,858 0,821 -0,364
52,883 0,577 -0,097
52,908 0,377 0,097
52,933 0,133 0,340
52,958 -0,089 0,535
52,983 -0,311 0,802
53,008 -0,511 0,996
53,033 -0,688 1,191
53,058 -0,844 1,361
53,083 -0,977 1,507
53,108 -1,110 1,628
53,133 -1,199 1,750
53,158 -1,288 1,823
53,183 -1,332 1,871
53,208 -1,376 1,895
53,233 -1,399 1,920
53,258 -1,376 1,871
53,283 -1,332 1,847
53,308 -1,288 1,774
53,333 -1,177 1,701
53,358 -1,066 1,555
53,383 -0,955 1,434
53,408 -0,799 1,264
53,433 -0,622 1,093
53,458 -0,444 0,875
53,483 -0,266 0,656
53,509 -0,044 0,437
53,534 0,222 0,219
53,559 0,444 -0,024
53,585 0,688 -0,267
53,610 0,888 -0,510
53,635 1,110 -0,729
53,660 1,310 -0,948
53,685 1,510 -1,142
53,710 1,665 -1,361
53,735 1,865 -1,531
53,761 2,020 -1,701
53,786 2,198 -1,847
53,811 2,264 -1,993
53,836 2,353 -2,041
53,861 2,420 -2,138
53,886 2,464 -2,163
53,911 2,464 -2,187
53,936 2,464 -2,163
53,961 2,420 -2,138
53,986 2,375 -2,041
54,011 2,264 -1,968
54,036 2,176 -1,823
54,061 2,020 -1,725
54,086 1,865 -1,507
54,111 1,709 -1,361
54,136 1,510 -1,118
54,161 1,310 -0,948
54,186 1,110 -0,729
54,211 0,910 -0,510
54,236 0,688 -0,267
54,261 0,422 -0,024
54,286 0,222 0,219
54,311 0,000 0,413
54,336 -0,178 0,680
54,361 -0,422 0,899
54,386 -0,577 1,069
54,411 -0,755 1,215
54,436 -0,888 1,409
54,461 -1,021 1,555
54,486 -1,132 1,701
54,511 -1,243 1,774
54,536 -1,288 1,847
54,561 -1,354 1,871
54,586 -1,354 1,895
54,611 -1,354 1,895
54,636 -1,310 1,871
54,661 -1,265 1,798
54,686 -1,199 1,725
54,711 -1,110 1,604
54,736 -0,977 1,482
54,762 -0,821 1,337
54,787 -0,644 1,166
54,812 -0,466 0,972
54,837 -0,244 0,802
54,862 -0,044 0,559
54,887 0,155 0,340
54,912 0,355 0,097
54,937 0,599 -0,121
54,963 0,799 -0,364
54,988 1,043 -0,607
55,013 1,221 -0,826
55,039 1,421 -1,021
55,065 1,621 -1,264
55,090 1,820 -1,458
55,115 1,976 -1,604
55,140 2,131 -1,774
55,165 2,264 -1,871
55,190 2,331 -1,993
55,215 2,375 -2,065
55,240 2,442 -2,138
55,265 2,464 -2,138
55,290 2,464 -2,138
55,315 2,442 -2,114
55,340 2,398 -2,065
55,365 2,287 -1,968
55,390 2,153 -1,871
55,415 2,020 -1,725
55,440 1,909 -1,604
55,466 1,709 -1,409
55,491 1,510 -1,239
55,517 1,354 -1,021
55,542 1,154 -0,802
55,567 0,932 -0,583
55,592 0,710 -0,364
55,617 0,511 -0,121
55,642 0,266 0,073
55,667 0,044 0,340
55,692 -0,178 0,535
55,717 -0,355 0,778
55,742 -0,555 0,948
55,767 -0,733 1,166
55,793 -0,866 1,337
55,818 -1,021 1,482
55,844 -1,132 1,604
55,869 -1,199 1,701
55,895 -1,310 1,774
55,920 -1,332 1,823
55,945 -1,376 1,847
55,970 -1,354 1,847
55,995 -1,332 1,823
56,021 -1,288 1,750
56,046 -1,177 1,701
56,071 -1,110 1,579
56,096 -0,977 1,482
56,122 -0,821 1,312
56,147 -0,644 1,166
56,172 -0,488 0,996
56,197 -0,289 0,826
56,222 -0,111 0,583
56,247 0,111 0,389
56,272 0,333 0,146
56,298 0,555 -0,073
56,323 0,777 -0,340
56,348 1,043 -0,559
56,373 1,199 -0,802
56,398 1,421 -0,972
56,423 1,621 -1,191
56,448 1,798 -1,361
56,473 1,931 -1,531
56,498 2,109 -1,652
56,523 2,220 -1,798
56,548 2,331 -1,895
56,573 2,375 -2,017
56,598 2,464 -2,041
56,623 2,486 -2,090
56,648 2,486 -2,065
56,673 2,420 -2,065
56,698 2,398 -1,993
56,723 2,309 -1,944
56,748 2,220 -1,847
56,773 2,065 -1,750
56,798 1,954 -1,579
56,823 1,776 -1,458
56,848 1,598 -1,264
56,873 1,421 -1,069
56,898 1,221 -0,826
56,923 0,999 -0,632
56,948 0,777 -0,413
56,973 0,577 -0,194
56,998 0,355 0,073
57,023 0,111 0,267
57,048 -0,067 0,462
57,073 -0,289 0,680
57,098 -0,466 0,899
57,123 -0,666 1,069
57,148 -0,799 1,215
57,173 -0,977 1,361
57,198 -1,088 1,507
57,223 -1,177 1,579
57,248 -1,265 1,677
57,273 -1,332 1,725
57,298 -1,354 1,798
57,323 -1,354 1,798
57,348 -1,310 1,798
57,373 -1,288 1,750
57,398 -1,221 1,701
57,423 -1,154 1,579
57,448 -1,043 1,482
57,473 -0,932 1,361
57,498 -0,733 1,215
57,523 -0,599 1,021
57,548 -0,400 0,850
57,573 -0,200 0,656
57,598 0,022 0,462
57,623 0,200 0,219
57,649 0,422 0,000
57,674 0,644 -0,243
57,699 0,888 -0,437
57,724 1,088 -0,656
57,750 1,310 -0,850
57,775 1,487 -1,093
57,800 1,687 -1,239
57,825 1,843 -1,434
57,850 2,020 -1,555
57,875 2,153 -1,725
57,900 2,264 -1,798
57,925 2,331 -1,920
57,950 2,420 -1,968
57,975 2,442 -2,017
58,000 2,464 -2,041
58,025 2,442 -2,065
58,050 2,442 -1,993
58,075 2,353 -1,920
58,100 2,309 -1,798
58,125 2,198 -1,774
58,150 2,042 -1,579
58,175 1,865 -1,458
58,200 1,709 -1,288
58,225 1,532 -1,118
58,250 1,354 -0,899
58,275 1,132 -0,729
58,300 0,932 -0,510
58,325 0,688 -0,292
58,350 0,466 -0,049
58,375 0,266 0,146
58,400 0,044 0,389
58,426 -0,133 0,583
58,451 -0,355 0,778
58,476 -0,555 0,996
58,502 -0,710 1,166
58,527 -0,910 1,312
58,552 -0,999 1,434
58,577 -1,132 1,531
58,602 -1,221 1,652
58,627 -1,288 1,677
58,652 -1,310 1,750
58,677 -1,354 1,750
58,702 -1,354 1,774
58,727 -1,332 1,725
58,752 -1,265 1,701
58,777 -1,199 1,604
58,802 -1,066 1,507
58,827 -0,999 1,385
58,852 -0,799 1,239
58,877 -0,644 1,069
58,902 -0,466 0,875
58,927 -0,311 0,680
58,952 -0,067 0,486
58,977 0,111 0,267
59,002 0,333 0,073
59,027 0,533 -0,170
59,052 0,755 -0,340
59,077 0,955 -0,607
59,102 1,199 -0,778
59,127 1,376 -0,996
59,152 1,554 -1,191
59,177 1,732 -1,361
59,202 1,909 -1,507
59,227 2,065 -1,677
59,252 2,198 -1,774
59,277 2,264 -1,895
59,303 2,375 -1,944
59,328 2,398 -2,017
59,353 2,464 -2,017
59,378 2,442 -2,017
59,403 2,420 -1,968
59,428 2,353 -1,944
59,453 2,309 -1,847
59,478 2,198 -1,774
59,503 2,087 -1,652
59,528 1,931 -1,531
59,553 1,776 -1,337
59,578 1,621 -1,191
59,603 1,443 -0,972
59,628 1,243 -0,778
59,653 1,066 -0,559
59,678 0,821 -0,364
59,703 0,599 -0,097
59,728 0,377 0,097
59,753 0,178 0,316
59,779 -0,044 0,486
59,804 -0,244 0,705
59,829 -0,422 0,899
59,854 -0,577 1,069
59,879 -0,777 1,215
59,904 -0,910 1,385
59,930 -1,043 1,507
59,955 -1,154 1,579
59,980 -1,221 1,652
60,005 -1,265 1,725
60,030 -1,288 1,774
60,055 -1,288 1,750
60,080 -1,288 1,725
60,105 -1,265 1,677
60,131 -1,177 1,604
60,156 -1,110 1,531
60,181 -0,977 1,409
60,206 -0,844 1,264
60,231 -0,710 1,118
60,256 -0,555 0,948
60,281 -0,355 0,802
60,306 -0,200 0,559
60,331 0,022 0,364
60,356 0,244 0,121
60,381 0,444 -0,097
60,406 0,622 -0,316
60,431 0,821 -0,535
60,456 1,021 -0,729
60,481 1,243 -0,899
60,506 1,443 -1,118
60,531 1,621 -1,312
60,556 1,776 -1,458
60,581 1,954 -1,604
60,606 2,087 -1,725
60,632 2,220 -1,823
60,657 2,287 -1,968
60,682 2,353 -1,993
60,707 2,353 -2,041
60,732 2,375 -2,017
60,757 2,353 -2,017
60,782 2,331 -1,944
60,807 2,287 -1,920
60,832 2,198 -1,798
60,858 2,087 -1,701
60,883 1,976 -1,531
60,908 1,820 -1,409
60,933 1,665 -1,215
60,958 1,465 -1,045
60,983 1,310 -0,826
61,009 1,110 -0,656
61,034 0,888 -0,437
61,059 0,644 -0,194
61,085 0,466 0,024
61,111 0,244 0,243
61,136 0,044 0,462
61,161 -0,155 0,680
61,186 -0,355 0,875
61,211 -0,533 1,045
61,237 -0,666 1,191
61,262 -0,821 1,361
61,287 -0,955 1,482
61,312 -1,043 1,579
61,337 -1,110 1,652
61,362 -1,177 1,725
61,387 -1,221 1,750
61,412 -1,243 1,798
61,438 -1,243 1,750
61,463 -1,199 1,725
61,488 -1,154 1,628
61,513 -1,043 1,555
61,538 -0,999 1,458
61,563 -0,844 1,337
61,588 -0,733 1,142
61,613 -0,555 0,996
61,638 -0,377 0,802
61,663 -0,200 0,632
61,688 -0,044 0,437
61,713 0,200 0,219
61,738 0,377 0,000
61,763 0,599 -0,219
61,788 0,777 -0,437
61,813 1,021 -0,656
61,838 1,199 -0,875
61,863 1,399 -1,069
61,888 1,576 -1,239
61,913 1,754 -1,385
61,938 1,865 -1,579
61,963 1,998 -1,701
61,988 2,109 -1,798
62,013 2,220 -1,871
62,038 2,264 -1,968
62,063 2,309 -1,993
62,088 2,331 -2,017
62,113 2,331 -1,993
62,138 2,287 -1,993
62,163 2,264 -1,920
62,188 2,198 -1,847
62,213 2,109 -1,725
62,238 1,954 -1,628
62,263 1,843 -1,482
62,288 1,665 -1,312
62,313 1,510 -1,118
62,338 1,310 -0,923
62,363 1,132 -0,729
62,389 0,932 -0,535
62,415 0,755 -0,267
62,440 0,511 -0,097
62,465 0,311 0,146
62,490 0,089 0,340
62,515 -0,067 0,559
62,540 -0,289 0,753
62,565 -0,422 0,972
62,590 -0,622 1,118
62,615 -0,733 1,264
62,640 -0,888 1,385
62,665 -0,977 1,531
62,690 -1,066 1,604
62,715 -1,132 1,701
62,740 -1,199 1,725
62,765 -1,199 1,750
62,791 -1,199 1,725
62,816 -1,177 1,725
62,841 -1,154 1,677
62,866 -1,088 1,628
62,891 -0,999 1,531
62,916 -0,866 1,409
62,941 -0,733 1,239
62,966 -0,577 1,118
62,991 -0,422 0,923
63,016 -0,222 0,753
63,041 -0,067 0,535
63,066 0,133 0,340
63,091 0,333 0,121
63,116 0,533 -0,097
63,141 0,733 -0,292
63,166 0,955 -0,510
63,191 1,132 -0,729
63,216 1,332 -0,923
63,241 1,487 -1,142
63,266 1,665 -1,288
63,292 1,798 -1,458
63,317 1,976 -1,604
63,342 2,065 -1,725
63,367 2,153 -1,823
63,392 2,242 -1,920
63,417 2,287 -1,968
63,443 2,309 -2,017
63,468 2,309 -1,993
63,493 2,264 -1,968
63,518 2,220 -1,944
63,543 2,176 -1,871
63,568 2,087 -1,798
63,593 1,976 -1,677
63,618 1,843 -1,555
63,643 1,687 -1,385
63,668 1,532 -1,215
63,693 1,354 -1,045
63,718 1,177 -0,826
63,743 0,955 -0,632
63,768 0,777 -0,437
63,793 0,555 -0,219
63,818 0,377 0,000
63,843 0,155 0,194
63,868 -0,044 0,413
63,893 -0,222 0,607
63,918 -0,377 0,802
63,943 -0,555 0,972
63,968 -0,688 1,166
63,993 -0,821 1,288
64,018 -0,910 1,434
64,043 -1,043 1,507
64,068 -1,110 1,604
64,093 -1,154 1,652
64,118 -1,199 1,701
64,143 -1,221 1,701
64,168 -1,177 1,701
64,193 -1,154 1,652
64,218 -1,088 1,579
64,243 -1,021 1,507
64,268 -0,910 1,409
64,293 -0,799 1,312
64,318 -0,644 1,166
64,343 -0,488 0,996
64,368 -0,311 0,850
64,393 -0,155 0,607
64,418 0,044 0,437
64,443 0,244 0,219
64,468 0,466 0,049
64,493 0,644 -0,170
64,518 0,866 -0,389
64,543 1,043 -0,607
64,568 1,288 -0,802
64,593 1,421 -0,996
64,618 1,598 -1,166
64,644 1,754 -1,361
64,669 1,887 -1,507
64,694 2,042 -1,652
64,719 2,153 -1,750
64,744 2,198 -1,823
64,769 2,264 -1,895
64,795 2,309 -1,944
64,820 2,309 -1,968
64,846 2,331 -1,944
64,871 2,264 -1,895
64,896 2,220 -1,847
64,921 2,109 -1,774
64,946 2,020 -1,652
64,971 1,887 -1,531
64,996 1,776 -1,409
65,021 1,598 -1,239
65,046 1,421 -1,069
65,072 1,243 -0,899
65,097 1,066 -0,680
65,122 0,844 -0,486
65,147 0,666 -0,267
65,172 0,422 -0,073
65,197 0,244 0,170
65,222 0,067 0,316
65,247 -0,111 0,535
65,272 -0,333 0,729
65,297 -0,488 0,899
65,322 -0,666 1,045
65,347 -0,799 1,215
65,372 -0,910 1,312
65,397 -0,999 1,458
65,423 -1,088 1,507
65,448 -1,132 1,604
65,473 -1,177 1,604
65,498 -1,199 1,677
65,523 -1,199 1,628
65,548 -1,154 1,604
65,573 -1,132 1,555
65,598 -1,066 1,507
65,623 -0,955 1,409
65,648 -0,821 1,288
65,674 -0,710 1,166
65,699 -0,533 1,045
65,724 -0,400 0,850
65,750 -0,200 0,680
65,775 -0,022 0,486
65,800 0,155 0,267
65,825 0,355 0,073
65,850 0,577 -0,121
65,875 0,777 -0,340
65,900 0,977 -0,535
65,925 1,154 -0,753
65,950 1,354 -0,923
65,975 1,532 -1,118
66,000 1,709 -1,288
66,025 1,843 -1,434
66,050 1,976 -1,555
66,075 2,087 -1,652
66,100 2,198 -1,750
66,125 2,242 -1,847
66,150 2,287 -1,871
66,175 2,309 -1,920
66,200 2,331 -1,895
66,225 2,287 -1,871
66,250 2,242 -1,847
66,275 2,153 -1,774
66,300 2,087 -1,701
66,325 1,954 -1,579
66,350 1,843 -1,409
66,375 1,687 -1,288
66,400 1,532 -1,093
66,425 1,354 -0,948
66,450 1,177 -0,753
66,475 0,955 -0,535
66,500 0,755 -0,340
66,526 0,555 -0,146
66,551 0,333 0,049
66,576 0,133 0,243
66,601 -0,044 0,437
66,626 -0,222 0,632
66,651 -0,400 0,802
66,676 -0,555 0,996
66,701 -0,710 1,142
66,726 -0,844 1,288
66,751 -0,955 1,361
66,776 -1,021 1,458
66,801 -1,110 1,531
66,826 -1,177 1,579
66,851 -1,199 1,604
66,876 -1,199 1,604
66,901 -1,199 1,579
66,926 -1,154 1,555
66,951 -1,088 1,482
66,976 -0,999 1,409
67,001 -0,910 1,312
67,026 -0,777 1,191
67,051 -0,644 1,045
67,076 -0,488 0,875
67,101 -0,289 0,705
67,126 -0,133 0,535
67,151 0,067 0,340
67,176 0,266 0,146
67,201 0,466 -0,049
67,226 0,644 -0,267
67,251 0,866 -0,486
67,276 1,043 -0,656
67,301 1,243 -0,875
67,326 1,399 -1,021
67,351 1,598 -1,191
67,376 1,732 -1,361
67,401 1,865 -1,507
67,426 1,976 -1,604
67,451 2,109 -1,677
67,476 2,176 -1,798
67,501 2,264 -1,823
67,526 2,264 -1,871
67,551 2,331 -1,871
67,576 2,287 -1,871
67,601 2,264 -1,823
67,626 2,198 -1,774
67,651 2,131 -1,701
67,676 1,998 -1,604
67,701 1,887 -1,458
67,726 1,754 -1,361
67,751 1,621 -1,191
67,776 1,465 -1,021
67,801 1,288 -0,826
67,826 1,088 -0,656
67,851 0,910 -0,437
67,876 0,688 -0,243
67,901 0,488 -0,024
67,926 0,289 0,146
67,951 0,111 0,389
67,976 -0,089 0,535
68,001 -0,244 0,753
68,026 -0,422 0,899
68,051 -0,555 1,045
68,076 -0,733 1,191
68,101 -0,821 1,337
68,126 -0,932 1,409
68,151 -1,021 1,531
68,176 -1,110 1,555
68,201 -1,154 1,604
68,226 -1,154 1,604
68,251 -1,132 1,628
68,276 -1,110 1,555
68,301 -1,088 1,531
68,327 -0,999 1,409
68,352 -0,932 1,337
68,377 -0,844 1,239
68,402 -0,710 1,093
68,427 -0,577 0,923
68,452 -0,400 0,778
68,477 -0,222 0,583
68,502 -0,022 0,389
68,527 0,155 0,219
68,552 0,355 0,049
68,577 0,533 -0,194
68,603 0,733 -0,389
68,628 0,932 -0,607
68,653 1,110 -0,826
68,678 1,288 -0,972
68,703 1,465 -1,142
68,728 1,621 -1,288
68,753 1,754 -1,458
68,778 1,887 -1,531
68,803 1,998 -1,677
68,828 2,087 -1,750
68,853 2,153 -1,798
68,878 2,220 -1,823
68,903 2,220 -1,871
68,929 2,242 -1,871
68,954 2,220 -1,847
68,980 2,176 -1,774
69,005 2,109 -1,725
69,031 2,020 -1,604
69,056 1,909 -1,507
69,081 1,798 -1,361
69,106 1,643 -1,239
69,131 1,510 -1,045
69,156 1,332 -0,899
69,181 1,177 -0,680
69,206 0,955 -0,510
69,231 0,777 -0,292
69,256 0,577 -0,097
69,281 0,400 0,121
69,306 0,178 0,292
69,331 0,022 0,486
69,356 -0,178 0,680
69,381 -0,311 0,850
69,406 -0,488 0,996
69,431 -0,599 1,166
69,456 -0,755 1,288
69,481 -0,844 1,385
69,506 -0,955 1,458
69,532 -1,021 1,555
69,557 -1,088 1,579
69,582 -1,088 1,604
69,607 -1,110 1,604
69,632 -1,066 1,579
69,657 -1,043 1,555
69,682 -0,977 1,458
69,707 -0,910 1,361
69,732 -0,799 1,288
69,757 -0,733 1,166
69,782 -0,555 1,021
69,807 -0,422 0,850
69,833 -0,244 0,680
69,858 -0,089 0,462
69,883 0,089 0,267
69,908 0,289 0,073
69,933 0,466 -0,121
69,958 0,644 -0,316
69,983 0,844 -0,510
70,009 1,021 -0,680
70,034 1,199 -0,899
70,060 1,376 -1,069
70,085 1,554 -1,239
70,110 1,709 -1,361
70,135 1,820 -1,507
70,160 1,976 -1,628
70,185 2,042 -1,725
70,210 2,109 -1,774
70,236 2,153 -1,847
70,261 2,198 -1,847
70,286 2,198 -1,895
70,311 2,198 -1,847
70,336 2,153 -1,823
70,361 2,109 -1,725
70,386 2,020 -1,677
70,411 1,909 -1,555
70,436 1,798 -1,434
70,461 1,687 -1,264
70,486 1,510 -1,142
70,511 1,376 -0,972
70,536 1,177 -0,778
70,561 0,999 -0,583
70,586 0,799 -0,437
70,611 0,644 -0,194
70,636 0,444 0,000
70,661 0,266 0,219
70,686 0,067 0,389
70,711 -0,089 0,632
70,736 -0,266 0,753
70,761 -0,400 0,972
70,786 -0,577 1,093
70,811 -0,710 1,239
70,836 -0,821 1,337
70,861 -0,910 1,458
70,886 -0,977 1,507
70,911 -0,999 1,555
70,936 -1,088 1,579
70,961 -1,066 1,628
70,986 -1,066 1,579
71,012 -0,999 1,579
71,037 -0,977 1,482
71,063 -0,888 1,434
71,088 -0,821 1,337
71,113 -0,688 1,215
71,139 -0,577 1,069
71,165 -0,422 0,899
71,190 -0,266 0,778
71,215 -0,089 0,535
71,240 0,111 0,389
71,265 0,244 0,170
71,290 0,444 0,000
71,315 0,622 -0,243
71,340 0,821 -0,413
71,365 0,977 -0,607
71,390 1,177 -0,778
71,415 1,354 -0,996
71,441 1,510 -1,142
71,466 1,643 -1,288
71,491 1,798 -1,434
71,516 1,887 -1,579
71,541 2,020 -1,677
71,566 2,087 -1,774
71,591 2,153 -1,798
71,616 2,176 -1,871
71,641 2,220 -1,847
71,666 2,176 -1,847
71,691 2,153 -1,798
71,716 2,087 -1,750
71,741 2,020 -1,677
71,766 1,909 -1,604
71,792 1,820 -1,458
71,817 1,665 -1,337
71,842 1,532 -1,166
71,868 1,376 -1,021
71,893 1,221 -0,826
71,918 1,021 -0,656
71,943 0,866 -0,437
71,968 0,644 -0,292
71,993 0,466 -0,049
72,018 0,266 0,097
72,043 0,133 0,316
72,068 -0,067 0,486
72,093 -0,222 0,705
72,118 -0,377 0,850
72,143 -0,533 1,021
72,168 -0,666 1,142
72,193 -0,777 1,264
72,218 -0,910 1,361
72,243 -0,955 1,458
72,268 -0,999 1,507
72,293 -1,043 1,555
72,318 -1,066 1,555
72,343 -1,043 1,579
72,368 -1,021 1,531
72,393 -0,977 1,482
72,418 -0,932 1,385
72,443 -0,821 1,337
72,468 -0,733 1,215
72,493 -0,577 1,118
72,518 -0,466 0,948
72,543 -0,311 0,802
72,568 -0,155 0,656
72,593 0,044 0,486
72,618 0,222 0,267
72,643 0,422 0,097
72,668 0,577 -0,121
72,693 0,777 -0,292
72,718 0,932 -0,510
72,743 1,132 -0,656
72,768 1,288 -0,875
72,793 1,465 -1,021
72,818 1,598 -1,191
72,843 1,732 -1,312
72,868 1,843 -1,458
72,893 1,976 -1,555
72,918 2,065 -1,652
72,943 2,109 -1,701
72,968 2,153 -1,774
72,993 2,198 -1,823
73,018 2,176 -1,798
73,043 2,153 -1,774
73,068 2,109 -1,774
73,093 2,042 -1,677
73,118 1,954 -1,604
73,143 1,865 -1,507
73,168 1,732 -1,385
73,193 1,598 -1,239
73,218 1,421 -1,118
73,243 1,288 -0,923
73,268 1,110 -0,778
73,293 0,955 -0,583
73,318 0,755 -0,413
73,343 0,577 -0,194
73,368 0,377 0,000
73,393 0,200 0,194
73,418 0,000 0,340
73,443 -0,155 0,535
73,468 -0,311 0,705
73,493 -0,444 0,899
73,519 -0,622 1,021
73,544 -0,710 1,166
73,569 -0,821 1,264
73,594 -0,910 1,361
73,619 -1,021 1,409
73,645 -1,021 1,482
73,670 -1,043 1,482
73,695 -1,043 1,507
73,720 -1,043 1,482
73,745 -0,999 1,482
73,771 -0,932 1,385
73,796 -0,844 1,337
73,821 -0,777 1,215
73,846 -0,644 1,118
73,871 -0,533 0,996
73,896 -0,377 0,850
73,921 -0,244 0,680
73,946 -0,044 0,510
73,971 0,111 0,316
73,996 0,311 0,146
74,021 0,466 -0,024
74,046 0,688 -0,219
74,071 0,821 -0,413
74,096 1,043 -0,607
74,121 1,221 -0,778
74,146 1,376 -0,948
74,171 1,554 -1,093
74,196 1,687 -1,239
74,221 1,776 -1,385
74,246 1,931 -1,482
74,272 1,998 -1,579
74,297 2,087 -1,677
74,322 2,131 -1,701
74,347 2,153 -1,774
74,372 2,198 -1,774
74,397 2,176 -1,774
74,422 2,131 -1,701
74,448 2,065 -1,677
74,473 1,998 -1,604
74,498 1,887 -1,507
74,523 1,798 -1,409
74,548 1,665 -1,264
74,573 1,510 -1,093
74,598 1,354 -0,948
74,623 1,199 -0,778
74,648 0,999 -0,607
74,673 0,821 -0,437
74,698 0,644 -0,267
74,723 0,488 -0,049
74,748 0,266 0,146
74,773 0,089 0,316
74,798 -0,111 0,486
74,823 -0,244 0,656
74,848 -0,422 0,826
74,873 -0,533 0,972
74,898 -0,666 1,069
74,923 -0,777 1,191
74,948 -0,888 1,288
74,973 -0,932 1,361
74,999 -0,977 1,409
75,026 -0,999 1,458
75,052 -1,043 1,458
75,077 -1,043 1,458
75,102 -1,021 1,434
75,127 -0,955 1,385
75,152 -0,910 1,312
75,177 -0,799 1,215
75,202 -0,710 1,118
75,227 -0,599 0,972
75,253 -0,466 0,850
75,278 -0,289 0,680
75,303 -0,133 0,535
75,328 0,044 0,340
75,353 0,244 0,194
75,379 0,422 -0,024
75,404 0,622 -0,194
75,429 0,777 -0,413
75,454 0,977 -0,583
75,480 1,154 -0,729
75,506 1,332 -0,875
75,531 1,487 -1,069
75,556 1,643 -1,215
75,581 1,776 -1,337
75,606 1,887 -1,458
75,631 1,931 -1,555
75,656 2,042 -1,628
75,681 2,087 -1,701
75,706 2,153 -1,701
75,731 2,153 -1,774
75,756 2,153 -1,701
75,781 2,131 -1,701
75,806 2,087 -1,652
75,831 1,998 -1,604
75,856 1,909 -1,482
75,881 1,798 -1,385
75,906 1,709 -1,239
75,931 1,554 -1,118
75,956 1,421 -0,948
75,981 1,243 -0,802
76,006 1,088 -0,632
76,031 0,932 -0,462
76,056 0,733 -0,267
76,081 0,533 -0,097
76,106 0,355 0,121
76,131 0,178 0,267
76,156 0,022 0,437
76,181 -0,178 0,607
76,206 -0,311 0,802
76,231 -0,466 0,923
76,256 -0,577 1,069
76,281 -0,733 1,142
76,306 -0,821 1,264
76,331 -0,910 1,361
76,356 -0,955 1,409
76,381 -0,999 1,434
76,406 -0,977 1,482
76,431 -1,021 1,458
76,456 -0,977 1,434
76,482 -0,955 1,385
76,507 -0,888 1,337
76,532 -0,821 1,215
76,557 -0,688 1,142
76,583 -0,599 1,021
76,608 -0,488 0,899
76,633 -0,355 0,729
76,658 -0,200 0,559
76,683 -0,022 0,364
76,708 0,155 0,219
76,733 0,333 0,024
76,758 0,511 -0,146
76,783 0,666 -0,340
76,808 0,844 -0,510
76,833 1,043 -0,680
76,858 1,221 -0,850
76,883 1,354 -1,045
76,908 1,532 -1,166
76,933 1,665 -1,288
76,958 1,798 -1,385
76,983 1,887 -1,531
77,008 1,976 -1,604
77,033 2,020 -1,677
77,058 2,109 -1,701
77,083 2,109 -1,725
77,108 2,153 -1,725
77,133 2,109 -1,725
77,158 2,087 -1,677
77,183 1,976 -1,628
77,208 1,931 -1,507
77,233 1,820 -1,434
77,258 1,709 -1,312
77,283 1,576 -1,191
77,308 1,487 -1,021
77,333 1,310 -0,875
77,358 1,177 -0,705
77,383 0,977 -0,535
77,408 0,821 -0,340
77,433 0,644 -0,194
77,458 0,466 0,024
77,483 0,266 0,194
77,508 0,111 0,364
77,533 -0,067 0,535
77,558 -0,200 0,729
77,583 -0,355 0,850
77,608 -0,488 0,996
77,633 -0,599 1,093
77,658 -0,710 1,215
77,683 -0,799 1,288
77,708 -0,866 1,385
77,734 -0,910 1,409
77,759 -0,977 1,434
77,785 -0,999 1,434
77,810 -0,999 1,434
77,835 -0,932 1,409
77,860 -0,888 1,361
77,885 -0,799 1,288
77,911 -0,710 1,166
77,936 -0,622 1,093
77,961 -0,533 0,948
77,986 -0,377 0,826
78,012 -0,244 0,632
78,037 -0,044 0,486
78,062 0,067 0,267
78,087 0,244 0,121
78,112 0,422 -0,073
78,137 0,622 -0,243
78,162 0,777 -0,437
78,187 0,977 -0,607
78,212 1,132 -0,802
78,238 1,310 -0,923
78,263 1,421 -1,118
78,288 1,554 -1,215
78,313 1,665 -1,361
78,338 1,798 -1,458
78,363 1,865 -1,604
78,388 1,954 -1,628
78,413 1,998 -1,701
78,438 2,065 -1,725
78,463 2,065 -1,750
78,488 2,087 -1,701
78,513 2,020 -1,701
78,538 1,998 -1,628
78,563 1,909 -1,555
78,588 1,843 -1,458
78,613 1,732 -1,337
78,638 1,621 -1,239
78,663 1,465 -1,093
78,688 1,354 -0,923
78,713 1,199 -0,778
78,738 1,043 -0,583
78,763 0,866 -0,437
78,788 0,710 -0,219
78,813 0,511 -0,073
78,838 0,377 0,121
78,863 0,178 0,292
78,888 0,022 0,462
78,913 -0,155 0,607
78,938 -0,289 0,826
78,963 -0,422 0,948
78,988 -0,555 1,069
79,013 -0,666 1,166
79,038 -0,710 1,288
79,063 -0,821 1,337
79,088 -0,866 1,385
79,113 -0,910 1,409
79,138 -0,910 1,458
79,163 -0,932 1,458
79,188 -0,910 1,434
79,213 -0,888 1,385
79,238 -0,799 1,312
79,263 -0,733 1,215
79,288 -0,622 1,142
79,313 -0,555 1,021
79,338 -0,400 0,899
79,363 -0,244 0,729
79,388 -0,111 0,583
79,413 0,044 0,389
79,438 0,200 0,267
79,463 0,355 0,049
79,488 0,555 -0,121
79,513 0,733 -0,316
79,538 0,910 -0,486
79,563 1,043 -0,680
79,588 1,221 -0,850
79,613 1,354 -0,996
79,638 1,487 -1,118
79,663 1,598 -1,264
79,688 1,732 -1,385
79,713 1,843 -1,507
79,738 1,909 -1,555
79,763 1,954 -1,652
79,788 2,020 -1,677
79,813 2,020 -1,701
79,838 2,042 -1,701
79,863 1,998 -1,701
79,888 1,954 -1,628
79,913 1,887 -1,604
79,938 1,843 -1,482
79,963 1,732 -1,434
79,988 1,643 -1,312
80,013 1,510 -1,166
80,038 1,399 -1,021
80,063 1,199 -0,899
80,088 1,088 -0,680
80,113 0,932 -0,559
80,138 0,799 -0,364
80,163 0,599 -0,194
80,188 0,400 0,024
80,213 0,266 0,170
80,238 0,111 0,364
80,263 -0,067 0,486
80,288 -0,222 0,680
80,313 -0,355 0,826
80,338 -0,466 0,972
80,363 -0,577 1,069
80,388 -0,666 1,166
80,413 -0,777 1,288
80,438 -0,821 1,385
80,463 -0,888 1,385
80,488 -0,888 1,434
80,513 -0,932 1,434
80,538 -0,866 1,434
80,563 -0,866 1,385
80,588 -0,821 1,337
80,613 -0,755 1,264
80,638 -0,644 1,191
80,663 -0,555 1,069
80,688 -0,422 0,972
80,713 -0,333 0,826
80,738 -0,178 0,680
80,763 -0,044 0,510
80,788 0,133 0,389
80,813 0,311 0,170
80,838 0,488 0,000
80,863 0,622 -0,170
80,888 0,799 -0,340
80,913 0,955 -0,535
80,938 1,132 -0,680
80,963 1,265 -0,875
80,988 1,443 -0,996
81,013 1,554 -1,166
81,038 1,665 -1,264
81,063 1,754 -1,385
81,089 1,865 -1,482
81,114 1,931 -1,579
81,140 1,998 -1,628
81,166 1,998 -1,677
81,191 2,042 -1,652
81,216 2,020 -1,701
81,241 1,976 -1,652
81,266 1,909 -1,604
81,291 1,887 -1,531
81,316 1,754 -1,458
81,341 1,687 -1,337
81,366 1,554 -1,239
81,391 1,443 -1,093
81,416 1,288 -0,972
81,441 1,154 -0,802
81,466 0,977 -0,656
81,491 0,799 -0,437
81,516 0,622 -0,292
81,541 0,488 -0,121
81,566 0,311 0,049
81,591 0,133 0,219
81,616 -0,022 0,364
81,642 -0,178 0,583
81,667 -0,311 0,729
81,692 -0,444 0,850
81,717 -0,577 0,972
81,742 -0,688 1,118
81,767 -0,733 1,191
81,792 -0,799 1,264
81,817 -0,866 1,312
81,843 -0,888 1,361
81,868 -0,932 1,361
81,893 -0,932 1,337
81,918 -0,866 1,361
81,943 -0,844 1,312
81,968 -0,777 1,264
81,993 -0,710 1,166
82,018 -0,599 1,069
82,043 -0,488 0,972
82,068 -0,355 0,850
82,093 -0,244 0,705
82,118 -0,089 0,535
82,143 0,067 0,364
82,168 0,244 0,194
82,193 0,377 0,049
82,219 0,555 -0,121
82,245 0,755 -0,316
82,270 0,932 -0,462
82,295 1,066 -0,632
82,320 1,265 -0,778
82,345 1,399 -0,972
82,370 1,532 -1,093
82,395 1,643 -1,215
82,420 1,754 -1,288
82,445 1,843 -1,409
82,470 1,931 -1,482
82,495 1,976 -1,579
82,520 1,998 -1,604
82,545 2,020 -1,652
82,571 2,042 -1,628
82,596 1,998 -1,604
82,621 1,954 -1,555
82,646 1,887 -1,531
82,671 1,843 -1,434
82,696 1,732 -1,385
82,721 1,621 -1,215
82,746 1,510 -1,118
82,771 1,376 -0,948
82,796 1,221 -0,826
82,821 1,066 -0,632
82,846 0,888 -0,510
82,871 0,733 -0,340
82,896 0,555 -0,146
82,921 0,400 0,024
82,946 0,222 0,170
82,971 0,089 0,340
82,996 -0,111 0,486
83,023 -0,244 0,680
83,048 -0,400 0,778
83,073 -0,511 0,923
83,098 -0,622 1,021
83,123 -0,710 1,118
83,148 -0,799 1,191
83,173 -0,844 1,239
83,198 -0,888 1,312
83,223 -0,866 1,312
83,248 -0,888 1,337
83,273 -0,888 1,312
83,298 -0,866 1,288
83,323 -0,799 1,215
83,348 -0,755 1,166
83,373 -0,644 1,093
83,398 -0,555 0,972
83,423 -0,422 0,875
83,448 -0,311 0,729
83,473 -0,155 0,559
83,498 0,000 0,413
83,523 0,155 0,267
83,548 0,333 0,097
83,574 0,488 -0,073
83,600 0,666 -0,243
83,625 0,844 -0,437
83,650 0,999 -0,583
83,675 1,154 -0,753
83,700 1,310 -0,875
83,725 1,443 -1,021
83,750 1,576 -1,142
83,775 1,709 -1,288
83,800 1,798 -1,361
83,826 1,865 -1,482
83,851 1,931 -1,507
83,876 1,954 -1,555
83,901 2,020 -1,555
83,926 2,020 -1,579
83,951 2,020 -1,579
83,976 1,954 -1,555
84,001 1,931 -1,482
84,026 1,843 -1,434
84,051 1,776 -1,337
84,076 1,665 -1,239
84,101 1,554 -1,093
84,126 1,421 -0,996
84,151 1,288 -0,850
84,176 1,132 -0,705
84,201 0,977 -0,535
84,226 0,821 -0,340
84,251 0,666 -0,170
84,276 0,466 -0,024
84,301 0,333 0,146
84,326 0,133 0,267
84,351 0,000 0,462
84,376 -0,155 0,583
84,401 -0,289 0,753
84,426 -0,422 0,875
84,451 -0,533 0,996
84,476 -0,644 1,093
84,501 -0,710 1,166
84,526 -0,799 1,215
84,551 -0,821 1,264
84,576 -0,866 1,288
84,601 -0,866 1,312
84,627 -0,888 1,288
84,652 -0,844 1,264
84,677 -0,821 1,239
84,702 -0,733 1,166
84,727 -0,688 1,069
84,752 -0,577 0,996
84,777 -0,466 0,875
84,803 -0,333 0,753
84,828 -0,222 0,583
84,853 -0,067 0,437
84,878 0,089 0,267
84,903 0,266 0,146
84,928 0,422 -0,049
84,953 0,599 -0,170
84,978 0,733 -0,364
85,003 0,910 -0,535
85,028 1,066 -0,705
85,053 1,221 -0,850
85,078 1,332 -0,996
85,103 1,487 -1,093
85,129 1,598 -1,239
85,154 1,709 -1,337
85,179 1,798 -1,434
85,204 1,887 -1,482
85,230 1,931 -1,555
85,255 1,954 -1,579
85,280 1,976 -1,628
85,305 1,954 -1,604
85,331 1,954 -1,555
85,356 1,887 -1,531
85,381 1,843 -1,458
85,406 1,754 -1,385
85,431 1,687 -1,239
85,456 1,554 -1,166
85,481 1,443 -0,996
85,506 1,310 -0,875
85,531 1,199 -0,705
85,557 1,021 -0,559
85,582 0,888 -0,389
85,607 0,710 -0,243
85,632 0,555 -0,049
85,657 0,377 0,097
85,683 0,244 0,267
85,708 0,044 0,413
85,733 -0,089 0,583
85,759 -0,244 0,729
85,785 -0,355 0,875
85,810 -0,466 0,972
85,835 -0,577 1,069
85,860 -0,666 1,142
85,885 -0,710 1,215
85,910 -0,799 1,264
85,935 -0,821 1,288
85,960 -0,821 1,288
85,986 -0,821 1,288
86,011 -0,821 1,312
86,036 -0,777 1,239
86,061 -0,733 1,166
86,086 -0,666 1,093
86,111 -0,577 0,996
86,136 -0,466 0,875
86,161 -0,333 0,778
86,186 -0,222 0,607
86,211 -0,089 0,462
86,236 0,044 0,316
86,261 0,222 0,146
86,286 0,377 -0,024
86,311 0,533 -0,170
86,336 0,666 -0,364
86,361 0,821 -0,510
86,386 0,977 -0,680
86,411 1,132 -0,826
86,436 1,265 -0,972
86,461 1,399 -1,093
86,486 1,532 -1,215
86,511 1,621 -1,337
86,536 1,732 -1,434
86,561 1,798 -1,507
86,586 1,865 -1,531
86,611 1,887 -1,579
86,636 1,909 -1,604
86,661 1,909 -1,579
86,686 1,909 -1,579
86,711 1,887 -1,555
86,736 1,843 -1,458
86,761 1,754 -1,385
86,786 1,665 -1,312
86,811 1,598 -1,215
86,836 1,487 -1,093
86,861 1,354 -0,948
86,886 1,221 -0,802
86,911 1,066 -0,656
86,936 0,910 -0,510
86,961 0,733 -0,316
86,986 0,599 -0,170
87,011 0,444 0,000
87,036 0,289 0,170
87,061 0,133 0,316
87,086 0,000 0,486
87,111 -0,155 0,607
87,136 -0,266 0,778
87,161 -0,400 0,875
87,186 -0,488 0,996
87,211 -0,599 1,093
87,236 -0,666 1,166
87,261 -0,733 1,239
87,286 -0,777 1,288
87,311 -0,799 1,264
87,336 -0,799 1,312
87,361 -0,799 1,288
87,386 -0,755 1,288
87,411 -0,710 1,239
87,436 -0,666 1,142
87,461 -0,599 1,045
87,487 -0,488 0,996
87,512 -0,377 0,850
87,537 -0,266 0,680
87,562 -0,133 0,559
87,587 0,000 0,389
87,612 0,155 0,243
87,637 0,289 0,097
87,662 0,444 -0,073
87,687 0,622 -0,243
87,712 0,777 -0,413
87,737 0,910 -0,559
87,763 1,066 -0,729
87,788 1,221 -0,875
87,813 1,376 -0,996
87,838 1,465 -1,142
87,863 1,598 -1,264
87,888 1,687 -1,361
87,913 1,754 -1,434
87,938 1,820 -1,507
87,963 1,887 -1,555
87,988 1,909 -1,604
88,013 1,887 -1,579
88,038 1,865 -1,555
88,063 1,865 -1,507
88,088 1,820 -1,482
88,113 1,754 -1,434
88,138 1,687 -1,337
88,163 1,598 -1,239
88,188 1,465 -1,142
88,213 1,376 -1,021
88,238 1,243 -0,875
88,263 1,110 -0,729
88,288 0,955 -0,583
88,313 0,821 -0,413
88,338 0,622 -0,267
88,363 0,511 -0,097
88,388 0,355 0,049
88,413 0,200 0,194
88,438 0,044 0,364
88,463 -0,067 0,535
88,488 -0,222 0,680
88,513 -0,333 0,802
88,538 -0,444 0,923
88,563 -0,533 1,021
88,588 -0,599 1,093
88,613 -0,666 1,191
88,638 -0,710 1,215
88,663 -0,733 1,264
88,688 -0,777 1,288
88,713 -0,777 1,288
88,738 -0,755 1,264
88,763 -0,710 1,239
88,788 -0,644 1,166
88,813 -0,577 1,093
88,838 -0,511 1,021
88,863 -0,400 0,923
88,888 -0,289 0,778
88,913 -0,155 0,632
88,938 -0,022 0,486
88,963 0,111 0,316
88,988 0,266 0,170
89,013 0,400 0,024
89,038 0,555 -0,146
89,063 0,733 -0,316
89,089 0,866 -0,462
89,114 1,043 -0,607
89,139 1,154 -0,753
89,164 1,288 -0,899
89,190 1,421 -1,045
89,215 1,554 -1,142
89,240 1,598 -1,264
89,265 1,709 -1,337
89,291 1,776 -1,434
89,316 1,865 -1,458
89,341 1,887 -1,531
89,366 1,909 -1,555
89,392 1,865 -1,579
89,417 1,865 -1,531
89,442 1,820 -1,482
89,467 1,776 -1,409
89,492 1,687 -1,361
89,517 1,621 -1,264
89,542 1,532 -1,166
89,567 1,399 -1,069
89,593 1,265 -0,972
89,618 1,132 -0,802
89,644 0,977 -0,632
89,670 0,866 -0,486
89,695 0,710 -0,316
89,720 0,533 -0,146
89,745 0,377 0,024
89,770 0,222 0,121
89,795 0,089 0,316
89,820 -0,044 0,437
89,845 -0,178 0,607
89,870 -0,289 0,729
89,895 -0,400 0,875
89,920 -0,511 0,948
89,945 -0,599 1,045
89,970 -0,688 1,118
89,996 -0,710 1,191
90,021 -0,777 1,215
90,046 -0,755 1,239
90,071 -0,777 1,239
90,097 -0,755 1,239
90,123 -0,733 1,191
90,165 -0,622 1,118
90,190 -0,555 1,021
90,215 -0,422 0,923
90,240 -0,355 0,802
90,266 -0,222 0,705
90,292 -0,089 0,559
90,317 0,089 0,413
90,342 0,200 0,267
90,368 0,377 0,121
90,393 0,533 -0,073
90,418 0,688 -0,219
90,443 0,844 -0,413
90,468 0,999 -0,535
90,493 1,110 -0,680
90,518 1,243 -0,826
90,543 1,376 -0,972
90,568 1,510 -1,069
90,593 1,576 -1,191
90,618 1,687 -1,264
90,643 1,754 -1,361
90,668 1,820 -1,409
90,693 1,865 -1,458
90,718 1,909 -1,482
90,743 1,865 -1,507
90,768 1,887 -1,507
90,793 1,843 -1,458
90,818 1,820 -1,409
90,843 1,732 -1,361
90,868 1,665 -1,264
90,893 1,576 -1,191
90,918 1,465 -1,069
90,943 1,332 -0,972
90,969 1,243 -0,826
90,995 1,066 -0,705
91,020 0,910 -0,559
91,045 0,755 -0,413
91,070 0,599 -0,243
91,095 0,444 -0,073
91,120 0,311 0,024
91,145 0,178 0,194
91,171 0,022 0,340
91,196 -0,111 0,510
91,222 -0,244 0,632
91,247 -0,355 0,778
91,272 -0,466 0,875
91,297 -0,533 0,972
91,324 -0,622 1,045
91,349 -0,666 1,118
91,374 -0,733 1,166
91,399 -0,755 1,215
91,424 -0,777 1,191
91,449 -0,755 1,239
91,475 -0,733 1,166
91,500 -0,710 1,118
91,525 -0,644 1,069
91,551 -0,555 0,972
91,576 -0,444 0,899
91,601 -0,355 0,778
91,626 -0,222 0,680
91,651 -0,111 0,535
91,676 0,022 0,413
91,701 0,178 0,267
91,726 0,333 0,121
91,775 0,577 -0,146
