Kopplung Nr.3, Schwebung0,025 2,131 0,049
0,050 2,353 0,121
0,092 2,708 0,049
0,119 2,997 -0,049
0,145 3,175 -0,146
0,199 3,463 -0,243
0,224 3,574 -0,292
0,250 3,663 -0,340
0,275 3,663 -0,389
0,300 3,663 -0,389
0,325 3,619 -0,413
0,351 3,530 -0,389
0,378 3,397 -0,389
0,404 3,219 -0,389
0,429 3,041 -0,316
0,454 2,797 -0,316
0,480 2,553 -0,243
0,505 2,287 -0,219
0,530 1,998 -0,170
0,555 1,665 -0,097
0,580 1,376 -0,024
0,606 1,043 0,000
0,631 0,710 0,049
0,656 0,355 0,097
0,681 0,067 0,146
0,706 -0,266 0,170
0,731 -0,599 0,243
0,769 -0,977 0,292
0,794 -1,265 0,292
0,819 -1,532 0,340
0,844 -1,776 0,316
0,869 -1,976 0,340
0,895 -2,176 0,292
0,920 -2,264 0,267
0,946 -2,375 0,219
0,971 -2,464 0,170
0,996 -2,486 0,097
1,021 -2,486 0,049
1,047 -2,464 -0,024
1,073 -2,398 -0,121
1,099 -2,264 -0,194
1,124 -2,153 -0,316
1,149 -1,954 -0,389
1,175 -1,776 -0,510
1,201 -1,510 -0,583
1,226 -1,288 -0,729
1,251 -0,999 -0,802
1,276 -0,733 -0,875
1,301 -0,422 -0,996
1,326 -0,133 -1,093
1,351 0,200 -1,142
1,378 0,488 -1,166
1,404 0,821 -1,239
1,429 1,154 -1,239
1,454 1,421 -1,288
1,479 1,732 -1,264
1,505 1,998 -1,288
1,530 2,264 -1,215
1,555 2,486 -1,215
1,580 2,708 -1,166
1,605 2,864 -1,093
1,631 3,019 -0,972
1,656 3,130 -0,899
1,682 3,219 -0,753
1,708 3,286 -0,632
1,733 3,308 -0,486
1,759 3,308 -0,316
1,785 3,241 -0,170
1,810 3,175 0,024
1,835 3,086 0,194
1,860 2,975 0,389
1,886 2,775 0,559
1,911 2,620 0,729
1,936 2,398 0,899
1,961 2,198 1,045
1,987 1,954 1,166
2,013 1,665 1,288
2,038 1,421 1,458
2,063 1,154 1,555
2,088 0,888 1,628
2,114 0,599 1,677
2,139 0,311 1,725
2,165 0,044 1,725
2,190 -0,200 1,750
2,216 -0,488 1,725
2,241 -0,710 1,677
2,267 -0,932 1,604
2,292 -1,110 1,507
2,317 -1,243 1,361
2,342 -1,376 1,215
2,369 -1,487 1,069
2,394 -1,598 0,899
2,419 -1,643 0,705
2,445 -1,709 0,486
2,470 -1,709 0,292
2,496 -1,709 0,024
2,522 -1,665 -0,194
2,548 -1,576 -0,437
2,573 -1,510 -0,705
2,600 -1,354 -0,899
2,625 -1,243 -1,191
2,650 -1,043 -1,409
2,675 -0,888 -1,604
2,700 -0,688 -1,798
2,725 -0,533 -1,993
2,750 -0,311 -2,138
2,775 -0,111 -2,284
2,800 0,133 -2,381
2,826 0,333 -2,503
2,851 0,555 -2,576
2,878 0,755 -2,600
2,903 0,977 -2,624
2,929 1,177 -2,576
2,954 1,332 -2,551
2,979 1,554 -2,454
3,004 1,687 -2,381
3,029 1,820 -2,211
3,055 1,931 -2,065
3,080 2,020 -1,847
3,106 2,109 -1,677
3,131 2,153 -1,385
3,156 2,176 -1,166
3,181 2,198 -0,899
3,206 2,176 -0,632
3,231 2,176 -0,340
3,256 2,109 -0,073
3,281 2,042 0,219
3,308 1,976 0,535
3,333 1,865 0,826
3,358 1,754 1,142
3,384 1,621 1,361
3,409 1,532 1,628
3,435 1,376 1,871
3,460 1,265 2,114
3,487 1,088 2,260
3,513 0,932 2,406
3,538 0,799 2,551
3,563 0,644 2,649
3,588 0,488 2,746
3,614 0,377 2,770
3,639 0,266 2,770
3,664 0,133 2,722
3,689 0,044 2,673
3,715 -0,067 2,527
3,740 -0,155 2,430
3,766 -0,222 2,236
3,791 -0,266 2,041
3,817 -0,333 1,823
3,842 -0,377 1,555
3,868 -0,400 1,288
3,894 -0,377 0,996
3,919 -0,333 0,705
3,945 -0,333 0,389
3,970 -0,266 0,097
3,996 -0,244 -0,267
4,021 -0,200 -0,583
4,046 -0,133 -0,899
4,071 -0,067 -1,191
4,096 0,000 -1,531
4,121 0,111 -1,798
4,146 0,178 -2,090
4,172 0,266 -2,333
4,197 0,333 -2,551
4,222 0,422 -2,746
4,248 0,511 -2,892
4,274 0,555 -3,062
4,300 0,644 -3,135
4,326 0,688 -3,208
4,351 0,755 -3,232
4,377 0,777 -3,256
4,403 0,799 -3,208
4,428 0,844 -3,110
4,453 0,844 -2,989
4,479 0,866 -2,819
4,505 0,821 -2,649
4,530 0,821 -2,406
4,555 0,821 -2,187
4,580 0,799 -1,895
4,605 0,755 -1,628
4,630 0,710 -1,312
4,656 0,666 -1,021
4,681 0,644 -0,680
4,706 0,555 -0,364
4,731 0,511 -0,049
4,756 0,466 0,267
4,781 0,422 0,632
4,806 0,377 0,948
4,831 0,355 1,239
4,856 0,311 1,507
4,881 0,289 1,798
4,906 0,266 2,041
4,931 0,266 2,260
4,958 0,244 2,454
4,984 0,266 2,624
5,009 0,289 2,770
5,035 0,289 2,843
5,060 0,333 2,916
5,085 0,377 2,916
5,110 0,422 2,940
5,136 0,466 2,867
5,161 0,511 2,794
5,186 0,577 2,649
5,211 0,644 2,551
5,238 0,733 2,357
5,263 0,799 2,138
5,288 0,888 1,920
5,315 0,977 1,652
5,340 1,066 1,361
5,366 1,132 1,069
5,391 1,199 0,778
5,418 1,265 0,462
5,444 1,332 0,097
5,469 1,399 -0,194
5,495 1,399 -0,559
5,520 1,465 -0,850
5,546 1,443 -1,166
5,571 1,487 -1,434
5,598 1,487 -1,725
5,623 1,421 -1,993
5,650 1,399 -2,211
5,675 1,354 -2,430
5,701 1,288 -2,600
5,726 1,177 -2,746
5,752 1,110 -2,843
5,778 0,999 -2,940
5,803 0,866 -2,989
5,828 0,755 -2,965
5,853 0,599 -2,965
5,879 0,511 -2,892
5,904 0,355 -2,794
5,929 0,222 -2,649
5,955 0,044 -2,527
5,980 -0,111 -2,333
6,005 -0,244 -2,163
6,030 -0,377 -1,920
6,056 -0,555 -1,701
6,081 -0,622 -1,434
6,106 -0,755 -1,191
6,132 -0,799 -0,923
6,157 -0,888 -0,632
6,182 -0,999 -0,340
6,208 -1,021 -0,049
6,233 -1,043 0,219
6,258 -1,066 0,535
6,283 -1,066 0,778
6,309 -0,977 1,021
6,335 -0,955 1,239
6,360 -0,866 1,482
6,386 -0,777 1,628
6,411 -0,688 1,798
6,436 -0,555 1,944
6,461 -0,400 2,065
6,488 -0,266 2,163
6,513 -0,089 2,236
6,538 0,111 2,284
6,563 0,311 2,236
6,590 0,511 2,236
6,615 0,733 2,163
6,641 0,932 2,090
6,666 1,132 1,968
6,691 1,354 1,847
6,717 1,554 1,701
6,743 1,732 1,531
6,768 1,931 1,361
6,793 2,109 1,142
6,818 2,287 0,948
6,843 2,420 0,705
6,870 2,553 0,486
6,895 2,620 0,243
6,921 2,708 0,000
6,948 2,753 -0,243
6,974 2,753 -0,486
6,999 2,775 -0,680
7,024 2,731 -0,899
7,049 2,686 -1,045
7,076 2,575 -1,264
7,101 2,442 -1,434
7,128 2,309 -1,579
7,153 2,131 -1,701
7,180 1,954 -1,774
7,205 1,732 -1,847
7,231 1,532 -1,871
7,256 1,288 -1,920
7,281 1,021 -1,920
7,308 0,777 -1,920
7,333 0,488 -1,871
7,359 0,266 -1,798
7,385 -0,022 -1,725
7,410 -0,289 -1,628
7,435 -0,577 -1,531
7,460 -0,755 -1,385
7,485 -1,021 -1,264
7,510 -1,243 -1,118
7,535 -1,421 -0,972
7,560 -1,598 -0,802
7,586 -1,776 -0,680
7,611 -1,887 -0,486
7,636 -1,976 -0,340
7,661 -2,042 -0,170
7,686 -2,087 -0,024
7,711 -2,087 0,097
7,737 -2,087 0,243
7,762 -2,020 0,364
7,787 -1,931 0,486
7,813 -1,820 0,583
7,838 -1,665 0,705
7,863 -1,510 0,778
7,888 -1,310 0,850
7,914 -1,110 0,875
7,939 -0,844 0,923
7,964 -0,599 0,948
7,989 -0,311 0,948
8,015 -0,067 0,923
8,040 0,244 0,923
8,065 0,533 0,875
8,090 0,866 0,826
8,115 1,132 0,753
8,140 1,443 0,705
8,166 1,709 0,607
8,191 2,020 0,535
8,216 2,242 0,437
8,241 2,509 0,364
8,266 2,708 0,267
8,292 2,930 0,170
8,318 3,086 0,049
8,343 3,219 -0,049
8,368 3,330 -0,097
8,393 3,374 -0,194
8,419 3,463 -0,243
8,444 3,441 -0,340
8,469 3,441 -0,389
8,494 3,374 -0,437
8,519 3,286 -0,437
8,544 3,130 -0,486
8,569 3,019 -0,486
8,595 2,842 -0,559
8,620 2,642 -0,535
8,645 2,375 -0,535
8,671 2,176 -0,510
8,697 1,865 -0,486
8,722 1,554 -0,437
8,748 1,265 -0,413
8,773 0,910 -0,389
8,798 0,622 -0,316
8,823 0,289 -0,267
8,848 -0,022 -0,219
8,873 -0,311 -0,194
8,899 -0,577 -0,146
8,924 -0,888 -0,097
8,949 -1,132 -0,049
8,974 -1,376 -0,024
8,999 -1,598 0,049
9,024 -1,820 0,024
9,049 -1,998 0,049
9,074 -2,153 0,024
9,099 -2,242 0,073
9,124 -2,331 0,024
9,149 -2,353 0,024
9,174 -2,375 -0,024
9,199 -2,353 0,000
9,224 -2,309 -0,049
9,249 -2,220 -0,097
9,274 -2,109 -0,146
9,300 -1,931 -0,219
9,325 -1,754 -0,267
9,350 -1,532 -0,316
9,375 -1,332 -0,389
9,401 -1,066 -0,437
9,426 -0,821 -0,535
9,452 -0,533 -0,559
9,478 -0,266 -0,632
9,503 0,067 -0,729
9,528 0,400 -0,753
9,554 0,688 -0,826
9,579 0,999 -0,826
9,604 1,265 -0,875
9,629 1,576 -0,875
9,654 1,865 -0,899
9,679 2,131 -0,875
9,704 2,353 -0,875
9,729 2,575 -0,826
9,754 2,753 -0,802
9,779 2,953 -0,729
9,804 3,064 -0,680
9,830 3,175 -0,607
9,855 3,241 -0,535
9,881 3,308 -0,437
9,906 3,308 -0,340
9,931 3,286 -0,194
9,956 3,241 -0,097
9,981 3,175 0,049
10,008 3,041 0,170
10,034 2,908 0,292
10,059 2,731 0,437
10,085 2,509 0,583
10,111 2,309 0,705
10,136 2,087 0,826
10,161 1,843 0,923
10,186 1,576 1,021
10,211 1,310 1,118
10,238 1,021 1,191
10,263 0,733 1,239
10,289 0,488 1,288
10,314 0,200 1,312
10,339 -0,067 1,337
10,366 -0,333 1,312
10,391 -0,599 1,288
10,416 -0,844 1,215
10,442 -1,021 1,191
10,469 -1,199 1,093
10,494 -1,376 0,972
10,519 -1,510 0,875
10,544 -1,621 0,729
10,569 -1,687 0,559
10,595 -1,754 0,389
10,620 -1,776 0,219
10,645 -1,798 0,049
10,670 -1,776 -0,097
10,695 -1,709 -0,340
10,721 -1,643 -0,510
10,746 -1,554 -0,729
10,771 -1,421 -0,899
10,796 -1,288 -1,093
10,822 -1,132 -1,264
10,848 -0,955 -1,434
10,874 -0,755 -1,628
10,899 -0,511 -1,750
10,924 -0,289 -1,871
10,949 -0,067 -1,968
10,975 0,133 -2,090
11,000 0,400 -2,138
11,025 0,622 -2,211
11,051 0,844 -2,211
11,078 1,066 -2,236
11,103 1,265 -2,211
11,129 1,487 -2,114
11,156 1,643 -2,041
11,182 1,820 -1,944
11,208 1,976 -1,798
11,233 2,109 -1,652
11,259 2,220 -1,458
11,284 2,287 -1,264
11,309 2,331 -1,045
11,335 2,375 -0,850
11,360 2,398 -0,607
11,385 2,375 -0,364
11,411 2,353 -0,097
11,436 2,287 0,146
11,461 2,220 0,413
11,488 2,131 0,656
11,514 1,998 0,899
11,539 1,909 1,166
11,565 1,754 1,409
11,590 1,598 1,628
11,616 1,443 1,774
11,641 1,288 1,968
11,668 1,110 2,090
11,693 0,932 2,211
11,718 0,799 2,333
11,744 0,622 2,381
11,769 0,444 2,430
11,796 0,289 2,406
11,821 0,133 2,381
11,846 -0,022 2,308
11,871 -0,111 2,236
11,896 -0,244 2,114
11,921 -0,311 1,993
11,946 -0,422 1,823
11,971 -0,466 1,677
11,996 -0,555 1,434
12,021 -0,577 1,215
12,046 -0,622 0,948
12,071 -0,622 0,705
12,097 -0,622 0,413
12,123 -0,599 0,097
12,149 -0,555 -0,194
12,174 -0,511 -0,510
12,199 -0,422 -0,753
12,224 -0,377 -1,069
12,249 -0,289 -1,312
12,274 -0,244 -1,604
12,299 -0,111 -1,847
12,324 -0,022 -2,090
12,349 0,089 -2,284
12,375 0,178 -2,479
12,400 0,311 -2,624
12,425 0,400 -2,770
12,450 0,488 -2,867
12,475 0,555 -2,940
12,500 0,666 -2,965
12,525 0,710 -2,989
12,550 0,777 -2,965
12,576 0,844 -2,916
12,601 0,932 -2,794
12,626 0,977 -2,697
12,652 0,999 -2,551
12,678 1,021 -2,381
12,704 0,999 -2,163
12,729 1,043 -1,920
12,754 1,043 -1,652
12,780 1,043 -1,361
12,805 0,999 -1,069
12,830 0,977 -0,778
12,856 0,932 -0,486
12,882 0,932 -0,146
12,908 0,866 0,121
12,934 0,821 0,462
12,959 0,755 0,802
12,985 0,710 1,093
13,010 0,688 1,385
13,035 0,644 1,628
13,061 0,599 1,895
13,086 0,555 2,090
13,111 0,533 2,308
13,136 0,466 2,454
13,161 0,466 2,600
13,186 0,422 2,697
13,211 0,422 2,746
13,236 0,422 2,770
13,261 0,444 2,794
13,286 0,444 2,770
13,311 0,488 2,722
13,336 0,488 2,600
13,361 0,533 2,503
13,386 0,533 2,333
13,411 0,599 2,138
13,436 0,622 1,920
13,462 0,688 1,725
13,487 0,733 1,458
13,512 0,777 1,191
13,537 0,821 0,899
13,563 0,866 0,583
13,588 0,910 0,267
13,613 0,955 -0,049
13,638 0,999 -0,316
13,664 1,021 -0,656
13,689 1,066 -0,923
13,715 1,088 -1,239
13,741 1,088 -1,507
13,766 1,066 -1,798
13,792 1,088 -2,017
13,818 1,043 -2,236
13,843 1,021 -2,430
13,869 0,999 -2,600
13,895 0,955 -2,746
13,920 0,910 -2,843
13,946 0,821 -2,916
13,972 0,733 -2,916
13,998 0,666 -2,916
14,023 0,555 -2,916
14,048 0,488 -2,843
14,074 0,377 -2,746
14,099 0,289 -2,600
14,124 0,155 -2,479
14,149 0,067 -2,284
14,175 -0,067 -2,114
14,200 -0,155 -1,847
14,226 -0,266 -1,628
14,251 -0,333 -1,361
14,277 -0,400 -1,118
14,303 -0,488 -0,802
14,329 -0,555 -0,510
14,354 -0,622 -0,243
14,379 -0,622 0,073
14,405 -0,644 0,316
14,431 -0,644 0,632
14,456 -0,666 0,875
14,482 -0,599 1,142
14,508 -0,555 1,361
14,534 -0,511 1,555
14,559 -0,400 1,798
14,584 -0,333 1,920
14,609 -0,222 2,065
14,635 -0,111 2,138
14,660 0,022 2,260
14,685 0,155 2,284
14,710 0,311 2,308
14,735 0,466 2,308
14,761 0,644 2,308
14,786 0,777 2,211
14,811 0,977 2,138
14,836 1,132 2,017
14,862 1,288 1,895
14,888 1,443 1,725
14,914 1,598 1,531
14,939 1,776 1,361
14,965 1,909 1,142
14,990 2,020 0,923
15,015 2,131 0,656
15,040 2,220 0,462
15,066 2,309 0,194
15,091 2,353 -0,024
15,118 2,375 -0,292
15,144 2,375 -0,535
15,169 2,375 -0,729
15,195 2,331 -0,972
15,220 2,287 -1,166
15,245 2,198 -1,361
15,270 2,109 -1,531
15,296 1,976 -1,701
15,321 1,843 -1,798
15,346 1,665 -1,920
15,371 1,510 -1,968
15,396 1,310 -2,065
15,421 1,132 -2,065
15,446 0,910 -2,090
15,471 0,710 -2,065
15,497 0,444 -2,041
15,523 0,244 -1,993
15,549 0,000 -1,920
15,575 -0,244 -1,823
15,600 -0,466 -1,725
15,626 -0,688 -1,555
15,651 -0,844 -1,385
15,676 -1,021 -1,288
15,702 -1,177 -1,069
15,728 -1,354 -0,923
15,754 -1,487 -0,753
15,779 -1,576 -0,535
15,806 -1,687 -0,389
15,831 -1,732 -0,170
15,856 -1,776 0,000
15,881 -1,732 0,194
15,907 -1,732 0,292
15,933 -1,643 0,462
15,960 -1,576 0,607
15,985 -1,465 0,729
16,010 -1,332 0,850
16,035 -1,177 0,923
16,060 -0,977 1,069
16,085 -0,799 1,093
16,112 -0,577 1,166
16,137 -0,333 1,166
16,162 -0,089 1,215
16,188 0,155 1,166
16,213 0,422 1,166
16,239 0,688 1,142
16,264 0,955 1,069
16,289 1,243 1,021
16,315 1,487 0,923
16,340 1,754 0,875
16,365 1,998 0,753
16,391 2,242 0,656
16,416 2,420 0,535
16,441 2,642 0,413
16,466 2,775 0,292
16,491 2,930 0,194
16,518 3,041 0,073
16,543 3,108 -0,049
16,568 3,152 -0,170
16,593 3,197 -0,243
16,618 3,175 -0,340
16,643 3,130 -0,437
16,668 3,064 -0,510
16,693 2,975 -0,583
16,718 2,842 -0,632
16,744 2,686 -0,680
16,769 2,553 -0,729
16,794 2,331 -0,729
16,819 2,131 -0,729
16,846 1,865 -0,753
16,872 1,598 -0,753
16,898 1,310 -0,753
16,923 0,999 -0,705
16,948 0,733 -0,680
16,973 0,422 -0,656
16,999 0,133 -0,607
17,025 -0,155 -0,559
17,050 -0,444 -0,486
17,076 -0,688 -0,462
17,101 -0,932 -0,413
17,126 -1,177 -0,389
17,151 -1,399 -0,292
17,177 -1,621 -0,267
17,202 -1,798 -0,219
17,228 -1,931 -0,170
17,254 -2,065 -0,121
17,279 -2,131 -0,073
17,305 -2,198 -0,097
17,330 -2,198 -0,049
17,355 -2,198 -0,049
17,380 -2,153 -0,024
17,406 -2,087 -0,049
17,431 -1,976 -0,049
17,456 -1,865 -0,073
17,481 -1,643 -0,073
17,508 -1,465 -0,097
17,533 -1,265 -0,146
17,559 -1,021 -0,170
17,585 -0,777 -0,219
17,610 -0,488 -0,219
17,636 -0,244 -0,267
17,661 0,067 -0,316
17,688 0,377 -0,389
17,713 0,688 -0,413
17,738 0,977 -0,462
17,763 1,243 -0,462
17,789 1,532 -0,486
17,815 1,798 -0,510
17,840 2,087 -0,510
17,865 2,287 -0,510
17,891 2,509 -0,510
17,916 2,686 -0,510
17,941 2,864 -0,462
17,968 2,997 -0,462
17,993 3,108 -0,437
18,019 3,175 -0,364
18,044 3,219 -0,340
18,069 3,263 -0,243
18,095 3,219 -0,170
18,121 3,197 -0,073
18,148 3,086 0,000
18,173 2,953 0,073
18,199 2,819 0,170
18,226 2,642 0,267
18,251 2,464 0,340
18,278 2,264 0,413
18,304 1,998 0,486
18,330 1,732 0,607
18,355 1,465 0,680
18,380 1,221 0,778
18,406 0,932 0,826
18,432 0,688 0,875
18,458 0,400 0,875
18,483 0,111 0,875
18,508 -0,155 0,899
18,534 -0,377 0,923
18,559 -0,644 0,875
18,584 -0,888 0,850
18,609 -1,088 0,802
18,634 -1,265 0,729
18,659 -1,399 0,705
18,684 -1,532 0,559
18,709 -1,621 0,437
18,734 -1,754 0,340
18,759 -1,820 0,219
18,784 -1,865 0,073
18,809 -1,865 -0,024
18,834 -1,843 -0,194
18,859 -1,798 -0,340
18,884 -1,709 -0,462
18,909 -1,598 -0,632
18,934 -1,487 -0,778
18,959 -1,332 -0,923
18,984 -1,177 -1,045
19,010 -0,977 -1,191
19,035 -0,799 -1,337
19,061 -0,577 -1,458
19,086 -0,355 -1,579
19,111 -0,111 -1,628
19,137 0,111 -1,725
19,162 0,377 -1,750
19,188 0,599 -1,823
19,213 0,844 -1,823
19,239 1,066 -1,823
19,264 1,288 -1,798
19,289 1,487 -1,750
19,315 1,665 -1,701
19,341 1,887 -1,604
19,366 2,042 -1,507
19,392 2,198 -1,361
19,418 2,287 -1,239
19,443 2,398 -1,093
19,469 2,442 -0,923
19,496 2,486 -0,729
19,521 2,531 -0,462
19,546 2,531 -0,267
19,571 2,509 -0,073
19,598 2,442 0,146
19,623 2,375 0,364
19,648 2,264 0,559
19,673 2,176 0,802
19,698 2,020 0,996
19,723 1,909 1,191
19,748 1,776 1,337
19,773 1,598 1,507
19,798 1,421 1,652
19,823 1,265 1,774
19,848 1,088 1,847
19,874 0,932 1,944
19,899 0,733 2,017
19,924 0,533 2,065
19,949 0,355 2,065
19,974 0,178 2,041
19,999 0,022 2,017
20,025 -0,155 1,944
20,051 -0,266 1,847
20,076 -0,422 1,725
20,101 -0,488 1,604
20,126 -0,599 1,434
20,151 -0,666 1,264
20,176 -0,733 1,045
20,201 -0,777 0,850
20,226 -0,844 0,607
20,251 -0,799 0,364
20,277 -0,821 0,121
20,302 -0,821 -0,121
20,329 -0,777 -0,413
20,355 -0,688 -0,680
20,380 -0,622 -0,923
20,405 -0,555 -1,215
20,431 -0,466 -1,409
20,457 -0,377 -1,677
20,483 -0,244 -1,871
20,509 -0,155 -2,041
20,535 -0,022 -2,236
20,560 0,133 -2,381
20,585 0,222 -2,503
20,611 0,355 -2,576
20,638 0,466 -2,673
20,664 0,599 -2,697
20,689 0,710 -2,697
20,715 0,799 -2,697
20,741 0,910 -2,624
20,768 0,999 -2,551
20,794 1,088 -2,430
20,819 1,132 -2,284
20,844 1,177 -2,114
20,869 1,243 -1,920
20,895 1,265 -1,725
20,921 1,288 -1,434
20,946 1,265 -1,191
20,971 1,265 -0,899
20,996 1,265 -0,656
21,021 1,265 -0,364
21,046 1,221 -0,097
21,072 1,177 0,219
21,098 1,132 0,462
21,123 1,088 0,778
21,148 1,021 1,045
21,174 0,999 1,312
21,199 0,910 1,555
21,225 0,821 1,750
21,250 0,821 1,968
21,275 0,733 2,138
21,301 0,688 2,333
21,328 0,622 2,406
21,353 0,577 2,503
21,378 0,533 2,551
21,403 0,511 2,600
21,428 0,488 2,576
21,453 0,444 2,576
21,479 0,444 2,503
21,504 0,422 2,381
21,529 0,377 2,260
21,554 0,400 2,114
21,579 0,400 1,944
21,605 0,422 1,725
21,630 0,444 1,507
21,655 0,466 1,264
21,680 0,488 1,045
21,706 0,511 0,729
21,731 0,577 0,462
21,758 0,577 0,146
21,783 0,644 -0,146
21,810 0,666 -0,462
21,835 0,666 -0,753
21,860 0,710 -1,021
21,885 0,733 -1,288
21,910 0,755 -1,531
21,936 0,755 -1,798
21,961 0,777 -1,993
21,987 0,777 -2,211
22,013 0,799 -2,381
22,038 0,755 -2,551
22,063 0,755 -2,649
22,088 0,733 -2,746
22,114 0,710 -2,794
22,140 0,644 -2,867
22,166 0,577 -2,843
22,191 0,555 -2,794
22,216 0,488 -2,770
22,241 0,444 -2,624
22,266 0,355 -2,527
22,291 0,311 -2,333
22,316 0,244 -2,211
22,341 0,200 -1,993
22,366 0,089 -1,798
22,391 0,044 -1,531
22,416 -0,067 -1,312
22,441 -0,067 -1,021
22,466 -0,155 -0,778
22,491 -0,178 -0,462
22,516 -0,222 -0,219
22,541 -0,222 0,073
22,566 -0,266 0,340
22,591 -0,266 0,632
22,616 -0,266 0,875
22,641 -0,222 1,142
22,666 -0,200 1,337
22,691 -0,155 1,555
22,716 -0,111 1,725
22,741 -0,044 1,920
22,766 0,000 2,041
22,791 0,067 2,138
22,816 0,155 2,211
22,841 0,289 2,308
22,866 0,377 2,333
22,891 0,511 2,357
22,916 0,577 2,308
22,941 0,755 2,260
22,966 0,866 2,187
22,991 1,021 2,114
23,016 1,132 1,944
23,041 1,243 1,823
23,066 1,354 1,628
23,091 1,487 1,458
23,116 1,576 1,239
23,141 1,687 1,045
23,166 1,776 0,802
23,191 1,865 0,583
23,216 1,887 0,316
23,241 1,954 0,073
23,266 1,954 -0,170
23,291 1,998 -0,389
23,316 1,998 -0,656
23,341 1,998 -0,875
23,366 1,954 -1,093
23,392 1,909 -1,264
23,418 1,820 -1,482
23,443 1,732 -1,652
23,468 1,621 -1,823
23,493 1,487 -1,920
23,518 1,354 -2,041
23,543 1,221 -2,138
23,568 1,066 -2,187
23,593 0,910 -2,187
23,618 0,710 -2,211
23,643 0,555 -2,211
23,668 0,355 -2,163
23,693 0,178 -2,090
23,719 -0,022 -2,017
23,744 -0,200 -1,895
23,770 -0,377 -1,798
23,795 -0,533 -1,677
23,821 -0,688 -1,507
23,846 -0,866 -1,337
23,871 -0,977 -1,142
23,898 -1,110 -0,972
23,923 -1,177 -0,778
23,948 -1,288 -0,583
23,973 -1,354 -0,364
23,998 -1,399 -0,219
24,023 -1,399 0,000
24,049 -1,399 0,170
24,074 -1,376 0,364
24,099 -1,332 0,535
24,124 -1,243 0,705
24,149 -1,154 0,850
24,174 -1,066 0,972
24,199 -0,888 1,093
24,225 -0,755 1,166
24,251 -0,555 1,288
24,276 -0,355 1,288
24,301 -0,155 1,361
24,326 0,067 1,385
24,351 0,311 1,385
24,376 0,533 1,361
24,401 0,777 1,361
24,426 0,977 1,288
24,451 1,221 1,239
24,477 1,421 1,142
24,502 1,687 1,045
24,527 1,865 0,923
24,552 2,087 0,826
24,578 2,220 0,729
24,603 2,398 0,607
24,629 2,531 0,437
24,654 2,664 0,316
24,679 2,775 0,170
24,706 2,842 0,024
24,731 2,908 -0,097
24,756 2,908 -0,219
24,781 2,908 -0,316
24,806 2,842 -0,462
24,831 2,797 -0,583
24,858 2,686 -0,680
24,883 2,575 -0,753
24,908 2,442 -0,850
24,933 2,287 -0,899
24,958 2,109 -0,948
24,983 1,909 -0,972
25,009 1,665 -0,996
25,034 1,421 -1,021
25,059 1,199 -1,021
25,085 0,910 -1,021
25,111 0,688 -0,996
25,136 0,400 -0,948
25,161 0,133 -0,899
25,186 -0,133 -0,875
25,211 -0,377 -0,802
25,236 -0,622 -0,753
25,262 -0,821 -0,656
25,289 -1,088 -0,607
25,314 -1,288 -0,559
25,339 -1,443 -0,486
25,364 -1,621 -0,413
25,389 -1,776 -0,364
25,414 -1,865 -0,292
25,439 -1,931 -0,219
25,464 -1,998 -0,194
25,490 -2,020 -0,121
25,516 -2,020 -0,049
25,541 -1,931 0,000
25,566 -1,887 0,024
25,592 -1,754 0,049
25,618 -1,643 0,049
25,643 -1,465 0,073
25,668 -1,332 0,073
25,693 -1,132 0,097
25,719 -0,910 0,073
25,744 -0,688 0,073
25,769 -0,444 0,073
25,795 -0,178 0,024
25,820 0,111 0,024
25,845 0,355 -0,049
25,871 0,666 -0,049
25,896 0,910 -0,097
25,921 1,199 -0,121
25,946 1,465 -0,146
25,971 1,732 -0,170
25,997 1,954 -0,194
26,022 2,198 -0,194
26,047 2,398 -0,243
26,072 2,620 -0,243
26,097 2,753 -0,267
26,123 2,864 -0,267
26,148 2,953 -0,267
26,173 3,064 -0,219
26,198 3,108 -0,219
26,225 3,152 -0,194
26,251 3,130 -0,170
26,276 3,086 -0,146
26,303 3,019 -0,097
26,328 2,908 -0,073
26,354 2,797 0,024
26,379 2,642 0,073
26,405 2,442 0,097
26,430 2,287 0,170
26,456 2,020 0,194
26,482 1,798 0,292
26,508 1,554 0,316
26,533 1,288 0,389
26,560 0,999 0,413
26,585 0,733 0,437
26,610 0,488 0,510
26,636 0,222 0,486
26,661 -0,044 0,510
26,686 -0,311 0,486
26,711 -0,511 0,510
26,736 -0,777 0,510
26,761 -0,955 0,486
26,787 -1,177 0,437
26,812 -1,310 0,389
26,838 -1,465 0,340
26,863 -1,598 0,292
26,888 -1,709 0,194
26,913 -1,776 0,121
26,938 -1,843 0,024
26,963 -1,865 -0,049
26,988 -1,843 -0,170
27,014 -1,798 -0,267
27,039 -1,709 -0,389
27,064 -1,621 -0,510
27,089 -1,510 -0,632
27,114 -1,376 -0,753
27,139 -1,221 -0,850
27,165 -1,043 -0,972
27,190 -0,821 -1,045
27,215 -0,622 -1,142
27,241 -0,400 -1,191
27,266 -0,178 -1,288
27,291 0,067 -1,312
27,318 0,289 -1,385
27,344 0,555 -1,434
27,369 0,799 -1,458
27,395 1,021 -1,458
27,420 1,265 -1,434
27,446 1,465 -1,409
27,471 1,687 -1,337
27,496 1,865 -1,312
27,521 2,042 -1,191
27,546 2,176 -1,118
27,571 2,331 -1,021
27,596 2,442 -0,899
27,621 2,531 -0,729
27,646 2,553 -0,607
27,672 2,620 -0,437
27,698 2,597 -0,316
27,724 2,597 -0,121
27,749 2,575 0,073
27,776 2,531 0,219
27,801 2,442 0,437
27,826 2,309 0,559
27,851 2,198 0,778
27,878 2,042 0,923
27,904 1,887 1,093
27,929 1,709 1,239
27,956 1,532 1,337
27,981 1,354 1,434
28,008 1,154 1,531
28,034 0,955 1,604
28,059 0,755 1,628
28,084 0,555 1,677
28,109 0,355 1,701
28,134 0,178 1,677
28,159 0,022 1,628
28,184 -0,133 1,604
28,209 -0,333 1,531
28,234 -0,466 1,434
28,259 -0,577 1,312
28,284 -0,710 1,191
28,309 -0,777 1,045
28,335 -0,866 0,850
28,360 -0,910 0,680
28,386 -0,977 0,462
28,411 -0,999 0,267
28,436 -1,021 0,049
28,462 -0,999 -0,121
28,488 -0,977 -0,389
28,513 -0,910 -0,632
28,538 -0,866 -0,875
28,563 -0,755 -1,069
28,589 -0,688 -1,288
28,614 -0,577 -1,482
28,639 -0,444 -1,652
28,664 -0,333 -1,823
28,689 -0,222 -1,993
28,714 -0,089 -2,114
28,739 0,089 -2,211
28,764 0,222 -2,308
28,789 0,355 -2,357
28,814 0,511 -2,406
28,839 0,644 -2,406
28,864 0,777 -2,381
28,889 0,888 -2,357
28,914 0,977 -2,284
28,939 1,088 -2,187
28,964 1,199 -2,114
28,989 1,265 -1,968
29,014 1,354 -1,798
29,039 1,399 -1,628
29,064 1,465 -1,434
29,089 1,487 -1,215
29,115 1,510 -0,996
29,141 1,554 -0,729
29,168 1,510 -0,486
29,193 1,487 -0,194
29,219 1,465 0,049
29,244 1,421 0,316
29,269 1,354 0,559
29,294 1,310 0,826
29,319 1,288 1,069
29,346 1,199 1,288
29,372 1,132 1,507
29,398 1,066 1,677
29,423 0,955 1,871
29,448 0,888 1,993
29,473 0,821 2,138
29,498 0,733 2,236
29,524 0,688 2,308
29,549 0,577 2,357
29,574 0,511 2,357
29,599 0,444 2,357
29,625 0,400 2,284
29,650 0,355 2,236
29,675 0,333 2,138
29,700 0,289 2,017
29,726 0,222 1,895
29,751 0,222 1,701
29,776 0,222 1,482
29,801 0,222 1,288
29,826 0,222 1,045
29,851 0,222 0,850
29,876 0,222 0,559
29,901 0,244 0,316
29,928 0,266 0,024
29,953 0,311 -0,292
29,979 0,311 -0,559
30,005 0,333 -0,826
30,030 0,377 -1,093
30,057 0,422 -1,337
30,082 0,466 -1,579
30,108 0,488 -1,847
30,134 0,533 -2,017
30,159 0,533 -2,187
30,185 0,533 -2,357
30,210 0,555 -2,479
30,236 0,555 -2,600
30,261 0,599 -2,649
30,286 0,599 -2,722
30,311 0,599 -2,697
30,338 0,555 -2,722
30,363 0,555 -2,649
30,390 0,511 -2,576
30,416 0,511 -2,479
30,441 0,466 -2,308
30,466 0,422 -2,163
30,491 0,422 -1,968
30,516 0,377 -1,798
30,541 0,333 -1,579
30,566 0,289 -1,337
30,591 0,266 -1,093
30,616 0,200 -0,850
30,641 0,178 -0,559
30,666 0,155 -0,316
30,691 0,155 -0,024
30,716 0,111 0,219
30,741 0,111 0,510
30,766 0,111 0,753
30,791 0,133 0,996
30,816 0,111 1,215
30,841 0,133 1,434
30,866 0,155 1,604
30,892 0,178 1,798
30,918 0,200 1,920
30,943 0,289 2,065
30,969 0,311 2,163
30,995 0,400 2,236
31,021 0,466 2,284
31,046 0,533 2,284
31,071 0,622 2,308
31,098 0,710 2,236
31,123 0,777 2,187
31,149 0,866 2,065
31,175 0,955 1,944
31,200 1,043 1,798
31,226 1,154 1,628
31,251 1,265 1,458
31,276 1,310 1,239
31,301 1,399 1,045
31,326 1,443 0,802
31,351 1,487 0,583
31,376 1,554 0,292
31,401 1,598 0,097
31,426 1,621 -0,170
31,451 1,665 -0,413
31,476 1,643 -0,680
31,501 1,643 -0,875
31,526 1,598 -1,093
31,551 1,576 -1,288
31,578 1,510 -1,507
31,603 1,443 -1,677
31,629 1,354 -1,847
31,655 1,265 -1,993
31,680 1,154 -2,065
31,706 1,021 -2,187
31,731 0,910 -2,236
31,758 0,755 -2,284
31,783 0,644 -2,284
31,808 0,466 -2,284
31,833 0,333 -2,211
31,859 0,178 -2,163
31,884 0,022 -2,090
31,909 -0,133 -1,993
31,935 -0,266 -1,871
31,961 -0,400 -1,677
31,986 -0,533 -1,531
32,011 -0,622 -1,337
32,036 -0,733 -1,191
32,061 -0,821 -0,996
32,088 -0,910 -0,802
32,113 -0,977 -0,559
32,138 -1,043 -0,364
32,164 -1,066 -0,146
32,190 -1,066 0,049
32,216 -1,066 0,243
32,241 -1,021 0,462
32,266 -0,977 0,632
32,291 -0,910 0,826
32,318 -0,799 0,948
32,345 -0,688 1,093
32,371 -0,555 1,215
32,396 -0,444 1,312
32,421 -0,244 1,409
32,446 -0,089 1,458
32,471 0,089 1,507
32,496 0,244 1,531
32,521 0,466 1,531
32,546 0,644 1,507
32,571 0,844 1,507
32,596 1,021 1,409
32,622 1,265 1,385
32,647 1,421 1,264
32,673 1,621 1,215
32,698 1,776 1,069
32,724 1,954 0,948
32,749 2,109 0,802
32,775 2,242 0,656
32,800 2,353 0,535
32,826 2,442 0,364
32,851 2,531 0,194
32,876 2,553 0,049
32,901 2,620 -0,097
32,926 2,597 -0,267
32,951 2,597 -0,389
32,977 2,531 -0,535
33,002 2,509 -0,632
33,028 2,398 -0,753
33,054 2,309 -0,875
33,079 2,131 -0,972
33,104 1,998 -1,045
33,129 1,820 -1,118
33,154 1,643 -1,191
33,179 1,421 -1,215
33,204 1,221 -1,215
33,229 0,999 -1,264
33,255 0,777 -1,264
33,280 0,533 -1,215
33,305 0,289 -1,215
33,330 0,067 -1,142
33,356 -0,178 -1,093
33,381 -0,355 -1,045
33,406 -0,599 -0,996
33,431 -0,799 -0,899
33,458 -1,021 -0,850
33,483 -1,177 -0,729
33,508 -1,354 -0,656
33,534 -1,443 -0,559
33,559 -1,554 -0,462
33,585 -1,665 -0,364
33,610 -1,709 -0,292
33,636 -1,754 -0,194
33,662 -1,754 -0,097
33,688 -1,732 -0,024
33,714 -1,665 0,049
33,739 -1,598 0,121
33,766 -1,487 0,146
33,792 -1,354 0,219
33,818 -1,199 0,243
33,844 -1,021 0,292
33,869 -0,844 0,292
33,896 -0,666 0,292
33,921 -0,400 0,340
33,946 -0,178 0,340
33,972 0,089 0,340
33,998 0,311 0,316
34,023 0,577 0,292
34,048 0,844 0,267
34,073 1,110 0,243
34,098 1,354 0,194
34,123 1,598 0,170
34,148 1,776 0,097
34,173 2,020 0,097
34,198 2,220 0,049
34,223 2,398 0,024
34,248 2,553 -0,024
34,273 2,686 -0,049
34,298 2,797 -0,097
34,323 2,908 -0,073
34,348 2,953 -0,097
34,373 2,997 -0,121
34,398 2,953 -0,146
34,423 2,930 -0,146
34,449 2,886 -0,170
34,474 2,819 -0,170
34,499 2,731 -0,170
34,525 2,597 -0,146
34,550 2,442 -0,097
34,575 2,264 -0,097
34,600 2,087 -0,049
34,625 1,865 -0,024
34,652 1,643 0,000
34,678 1,399 0,000
34,704 1,154 0,049
34,729 0,888 0,073
34,754 0,644 0,097
34,779 0,377 0,146
34,804 0,111 0,146
34,829 -0,111 0,146
34,855 -0,355 0,146
34,880 -0,599 0,194
34,905 -0,799 0,146
34,930 -0,999 0,170
34,957 -1,177 0,146
34,983 -1,332 0,146
35,009 -1,465 0,073
35,034 -1,576 0,049
35,059 -1,687 0,000
35,085 -1,709 -0,073
35,110 -1,754 -0,097
35,136 -1,776 -0,170
35,161 -1,709 -0,219
35,186 -1,687 -0,316
35,211 -1,598 -0,364
35,236 -1,532 -0,437
35,261 -1,399 -0,510
35,286 -1,265 -0,583
35,311 -1,066 -0,656
35,336 -0,932 -0,729
35,361 -0,710 -0,778
35,387 -0,511 -0,875
35,412 -0,289 -0,899
35,437 -0,067 -0,996
35,463 0,178 -0,996
35,488 0,400 -1,021
35,513 0,688 -1,045
35,538 0,888 -1,069
35,563 1,132 -1,045
35,588 1,332 -1,045
35,614 1,554 -0,972
35,639 1,732 -0,996
35,665 1,909 -0,948
35,690 2,087 -0,850
35,715 2,242 -0,802
35,740 2,375 -0,729
35,766 2,464 -0,632
35,792 2,531 -0,510
35,817 2,597 -0,413
35,842 2,664 -0,267
35,867 2,642 -0,170
35,892 2,664 -0,024
35,918 2,575 0,073
35,943 2,553 0,243
35,969 2,442 0,340
35,996 2,331 0,486
36,021 2,198 0,656
36,048 2,042 0,753
36,073 1,909 0,899
36,100 1,709 1,021
36,125 1,510 1,093
36,150 1,354 1,191
36,176 1,110 1,215
36,203 0,932 1,312
36,228 0,710 1,312
36,253 0,511 1,337
36,278 0,311 1,337
36,303 0,111 1,337
36,328 -0,089 1,264
36,354 -0,244 1,239
36,379 -0,422 1,166
36,406 -0,555 1,093
36,431 -0,688 0,996
36,456 -0,821 0,850
36,481 -0,888 0,778
36,506 -0,999 0,583
36,531 -1,043 0,437
36,558 -1,110 0,243
36,583 -1,132 0,073
36,609 -1,132 -0,097
36,635 -1,110 -0,316
36,660 -1,066 -0,486
36,685 -1,021 -0,680
36,710 -0,932 -0,850
36,735 -0,844 -1,045
36,760 -0,710 -1,215
36,786 -0,644 -1,385
36,811 -0,488 -1,507
36,836 -0,377 -1,652
36,862 -0,200 -1,750
36,888 -0,044 -1,871
36,914 0,111 -1,968
36,940 0,266 -2,017
36,965 0,422 -2,065
36,990 0,599 -2,090
37,016 0,733 -2,065
37,041 0,888 -2,017
37,066 1,021 -1,993
37,091 1,132 -1,920
37,116 1,243 -1,847
37,142 1,376 -1,725
37,168 1,443 -1,604
37,194 1,532 -1,434
37,219 1,598 -1,239
37,244 1,665 -1,069
37,269 1,709 -0,875
37,295 1,709 -0,680
37,320 1,732 -0,437
37,346 1,709 -0,219
37,371 1,709 0,024
37,398 1,643 0,219
37,423 1,621 0,462
37,448 1,554 0,680
37,473 1,510 0,899
37,499 1,421 1,118
37,524 1,332 1,288
37,549 1,243 1,482
37,575 1,132 1,628
37,600 1,066 1,798
37,625 0,955 1,871
37,651 0,866 1,968
37,676 0,755 2,041
37,701 0,666 2,114
37,727 0,577 2,114
37,753 0,488 2,114
37,779 0,400 2,041
37,805 0,333 1,993
37,831 0,266 1,920
37,856 0,200 1,798
37,881 0,111 1,677
37,906 0,067 1,531
37,931 0,044 1,385
37,956 0,000 1,166
37,981 -0,022 0,972
38,006 -0,022 0,729
38,031 0,000 0,510
38,057 -0,022 0,243
38,082 0,000 0,024
38,107 0,022 -0,243
38,132 0,067 -0,486
38,157 0,044 -0,753
38,183 0,111 -0,972
38,208 0,133 -1,191
38,233 0,178 -1,385
38,258 0,200 -1,628
38,284 0,311 -1,823
38,309 0,311 -1,993
38,335 0,355 -2,163
38,360 0,400 -2,260
38,385 0,422 -2,406
38,410 0,466 -2,454
38,436 0,488 -2,527
38,461 0,555 -2,527
38,486 0,555 -2,551
38,511 0,599 -2,503
38,536 0,599 -2,454
38,561 0,622 -2,357
38,586 0,599 -2,260
38,611 0,622 -2,114
38,636 0,577 -1,993
38,661 0,622 -1,798
38,686 0,577 -1,604
38,711 0,555 -1,361
38,736 0,533 -1,166
38,761 0,533 -0,899
38,786 0,511 -0,680
38,811 0,511 -0,413
38,836 0,488 -0,194
38,861 0,488 0,097
38,888 0,444 0,316
38,913 0,444 0,607
38,939 0,400 0,826
38,964 0,400 1,069
38,989 0,400 1,288
39,014 0,400 1,482
39,039 0,400 1,652
39,064 0,422 1,774
39,089 0,444 1,920
39,114 0,466 2,041
39,139 0,488 2,090
39,164 0,533 2,163
39,189 0,555 2,187
39,214 0,599 2,211
39,239 0,644 2,163
39,264 0,710 2,138
39,289 0,755 2,090
39,315 0,777 1,968
39,341 0,888 1,871
39,366 0,910 1,725
39,391 0,977 1,531
39,417 0,999 1,337
39,443 1,066 1,166
39,468 1,110 0,948
39,493 1,154 0,729
39,518 1,177 0,462
39,543 1,243 0,243
39,569 1,243 0,000
39,595 1,265 -0,267
39,621 1,288 -0,486
39,646 1,265 -0,753
39,671 1,288 -0,972
39,696 1,265 -1,191
39,721 1,265 -1,385
39,746 1,199 -1,555
39,771 1,154 -1,701
39,796 1,066 -1,895
39,821 1,021 -1,993
39,846 0,932 -2,138
39,871 0,866 -2,187
39,896 0,755 -2,236
39,921 0,644 -2,260
39,946 0,555 -2,284
39,971 0,444 -2,236
39,999 0,333 -2,236
40,024 0,244 -2,163
40,049 0,111 -2,090
40,074 0,000 -1,993
40,099 -0,133 -1,847
40,125 -0,222 -1,725
40,150 -0,333 -1,531
40,176 -0,422 -1,361
40,201 -0,488 -1,142
40,228 -0,577 -0,972
40,254 -0,599 -0,753
40,279 -0,666 -0,583
40,304 -0,688 -0,340
40,329 -0,733 -0,121
40,355 -0,733 0,073
40,380 -0,688 0,292
40,406 -0,688 0,486
40,431 -0,622 0,729
40,456 -0,555 0,850
40,482 -0,466 1,045
40,508 -0,400 1,166
40,533 -0,289 1,288
40,558 -0,178 1,385
40,584 -0,044 1,507
40,609 0,089 1,531
40,635 0,222 1,579
40,660 0,377 1,628
40,685 0,555 1,604
40,710 0,710 1,628
40,736 0,844 1,555
40,762 1,043 1,531
40,787 1,177 1,434
40,812 1,354 1,361
40,838 1,487 1,239
40,864 1,643 1,142
40,889 1,776 0,996
40,915 1,909 0,875
40,940 2,042 0,729
40,966 2,109 0,535
40,991 2,198 0,364
41,016 2,220 0,194
41,043 2,287 0,049
41,068 2,287 -0,146
41,093 2,309 -0,292
41,119 2,264 -0,462
41,144 2,198 -0,607
41,169 2,153 -0,753
41,195 2,065 -0,875
41,220 1,976 -0,996
41,245 1,820 -1,093
41,271 1,709 -1,191
41,296 1,554 -1,288
41,321 1,421 -1,337
41,348 1,221 -1,409
41,374 1,043 -1,409
41,400 0,799 -1,434
41,426 0,599 -1,434
41,452 0,444 -1,409
41,478 0,200 -1,385
41,503 0,000 -1,312
41,528 -0,222 -1,264
41,553 -0,400 -1,191
41,578 -0,599 -1,142
41,603 -0,755 -1,021
41,629 -0,910 -0,948
41,655 -1,066 -0,850
41,681 -1,177 -0,753
41,706 -1,288 -0,656
41,732 -1,354 -0,510
41,758 -1,421 -0,413
41,784 -1,443 -0,292
41,809 -1,487 -0,170
41,834 -1,465 -0,073
41,859 -1,443 0,024
41,884 -1,376 0,097
41,909 -1,288 0,170
41,935 -1,199 0,267
41,960 -1,088 0,364
41,986 -0,955 0,389
42,011 -0,777 0,462
42,037 -0,622 0,486
42,062 -0,422 0,535
42,087 -0,222 0,535
42,112 0,000 0,559
42,137 0,222 0,535
42,163 0,444 0,559
42,189 0,688 0,535
42,215 0,910 0,486
42,240 1,177 0,486
42,265 1,354 0,437
42,291 1,576 0,437
42,316 1,754 0,364
42,342 1,998 0,340
42,368 2,153 0,243
42,393 2,331 0,194
42,419 2,442 0,121
42,444 2,575 0,097
42,469 2,642 0,049
42,495 2,731 0,000
42,520 2,753 -0,049
42,546 2,753 -0,097
42,571 2,775 -0,121
42,598 2,731 -0,170
42,623 2,686 -0,219
42,649 2,575 -0,243
42,674 2,464 -0,267
42,699 2,331 -0,292
42,724 2,176 -0,292
42,749 1,998 -0,267
42,775 1,820 -0,267
42,800 1,621 -0,267
42,825 1,399 -0,267
42,850 1,199 -0,219
42,876 0,977 -0,243
42,902 0,733 -0,194
42,928 0,466 -0,194
42,953 0,244 -0,170
42,979 -0,022 -0,170
43,004 -0,244 -0,146
43,029 -0,466 -0,146
43,054 -0,644 -0,146
43,079 -0,844 -0,146
43,105 -1,043 -0,121
43,130 -1,177 -0,097
43,155 -1,310 -0,097
43,180 -1,421 -0,121
43,206 -1,532 -0,121
43,231 -1,576 -0,121
43,256 -1,643 -0,170
43,281 -1,665 -0,194
43,306 -1,643 -0,219
43,331 -1,598 -0,219
43,356 -1,554 -0,292
43,381 -1,465 -0,316
43,406 -1,399 -0,364
43,432 -1,243 -0,389
43,457 -1,110 -0,437
43,483 -0,910 -0,462
43,508 -0,755 -0,510
43,533 -0,555 -0,535
43,559 -0,355 -0,607
43,585 -0,133 -0,656
43,610 0,111 -0,656
43,635 0,333 -0,705
43,661 0,577 -0,705
43,686 0,799 -0,729
43,711 1,043 -0,729
43,737 1,221 -0,729
43,763 1,465 -0,705
43,789 1,643 -0,705
43,814 1,865 -0,656
43,840 2,020 -0,632
43,866 2,176 -0,583
43,891 2,331 -0,510
43,916 2,420 -0,486
43,941 2,531 -0,413
43,966 2,575 -0,340
43,991 2,620 -0,243
44,016 2,620 -0,170
44,041 2,620 -0,049
44,066 2,575 0,049
44,091 2,531 0,146
44,118 2,486 0,219
44,143 2,375 0,340
44,169 2,264 0,413
44,195 2,131 0,510
44,220 1,976 0,607
44,245 1,798 0,705
44,270 1,621 0,753
44,296 1,421 0,802
44,321 1,221 0,899
44,346 1,021 0,923
44,371 0,844 0,972
44,396 0,622 0,972
44,421 0,444 0,972
44,448 0,222 0,996
44,473 0,022 0,996
44,500 -0,178 0,948
44,525 -0,377 0,875
44,550 -0,488 0,826
44,575 -0,644 0,729
44,600 -0,777 0,656
44,626 -0,910 0,559
44,651 -0,999 0,437
44,676 -1,110 0,292
44,701 -1,132 0,219
44,726 -1,154 0,049
44,751 -1,177 -0,097
44,776 -1,199 -0,243
44,801 -1,154 -0,364
44,828 -1,132 -0,535
44,853 -1,066 -0,680
44,878 -0,977 -0,850
44,903 -0,888 -0,948
44,929 -0,799 -1,118
44,954 -0,688 -1,239
44,979 -0,533 -1,337
45,004 -0,377 -1,458
45,029 -0,222 -1,555
45,054 -0,067 -1,604
45,079 0,111 -1,677
45,106 0,266 -1,725
45,131 0,466 -1,725
45,156 0,622 -1,774
45,182 0,799 -1,750
45,208 0,910 -1,750
45,234 1,088 -1,677
45,259 1,221 -1,604
45,285 1,354 -1,507
45,311 1,510 -1,385
45,337 1,576 -1,312
45,362 1,687 -1,166
45,387 1,754 -1,021
45,412 1,798 -0,826
45,437 1,843 -0,680
45,463 1,887 -0,486
45,488 1,887 -0,316
45,513 1,887 -0,097
45,540 1,865 0,073
45,565 1,843 0,267
45,590 1,776 0,462
45,615 1,709 0,680
45,641 1,621 0,899
45,666 1,554 1,045
45,691 1,487 1,215
45,716 1,376 1,312
45,741 1,265 1,482
45,766 1,132 1,555
45,791 1,043 1,652
45,816 0,932 1,725
45,841 0,821 1,798
45,866 0,688 1,798
45,891 0,622 1,847
45,916 0,488 1,823
45,941 0,377 1,798
45,966 0,266 1,701
45,991 0,178 1,652
46,018 0,067 1,531
46,043 0,022 1,434
46,068 -0,067 1,264
46,093 -0,111 1,142
46,120 -0,133 0,972
46,145 -0,178 0,753
46,170 -0,222 0,559
46,196 -0,244 0,340
46,221 -0,244 0,146
46,246 -0,244 -0,097
46,271 -0,222 -0,316
46,296 -0,222 -0,535
46,322 -0,155 -0,753
46,348 -0,133 -0,972
46,373 -0,067 -1,166
46,398 -0,044 -1,409
46,423 0,022 -1,555
46,449 0,089 -1,725
46,475 0,133 -1,871
46,500 0,222 -1,993
46,525 0,289 -2,138
46,550 0,333 -2,211
46,575 0,377 -2,284
46,600 0,444 -2,308
46,626 0,488 -2,308
46,651 0,577 -2,284
46,676 0,599 -2,284
46,702 0,666 -2,211
46,728 0,688 -2,138
46,753 0,710 -2,017
46,778 0,733 -1,895
46,803 0,755 -1,750
46,828 0,777 -1,604
46,854 0,799 -1,409
46,879 0,821 -1,191
46,904 0,799 -0,996
46,929 0,777 -0,802
46,956 0,777 -0,535
46,981 0,799 -0,267
47,006 0,755 -0,049
47,032 0,755 0,194
47,058 0,733 0,413
47,083 0,733 0,680
47,108 0,688 0,875
47,133 0,666 1,118
47,158 0,666 1,264
47,183 0,644 1,458
47,208 0,599 1,579
47,234 0,622 1,725
47,259 0,599 1,847
47,285 0,599 1,920
47,310 0,622 2,017
47,337 0,622 2,041
47,363 0,666 2,065
47,389 0,644 2,041
47,414 0,644 2,041
47,439 0,688 1,968
47,465 0,710 1,895
47,491 0,710 1,798
47,517 0,755 1,652
47,543 0,777 1,531
47,568 0,799 1,312
47,593 0,821 1,142
47,619 0,821 0,948
47,644 0,844 0,729
47,669 0,888 0,486
47,694 0,910 0,243
47,719 0,932 0,024
47,745 0,955 -0,219
47,771 0,977 -0,413
47,796 0,955 -0,656
47,822 0,977 -0,899
47,848 0,932 -1,093
47,873 0,932 -1,288
47,899 0,932 -1,507
47,924 0,888 -1,677
47,949 0,844 -1,798
47,974 0,799 -1,944
47,999 0,755 -2,041
48,024 0,688 -2,138
48,049 0,666 -2,211
48,074 0,577 -2,236
48,099 0,533 -2,260
48,124 0,444 -2,260
48,149 0,355 -2,236
48,174 0,289 -2,163
48,199 0,222 -2,090
48,224 0,133 -1,993
48,250 0,067 -1,871
48,276 -0,022 -1,725
48,301 -0,067 -1,555
48,326 -0,155 -1,409
48,352 -0,200 -1,215
48,377 -0,244 -1,045
48,402 -0,289 -0,802
48,427 -0,333 -0,607
48,452 -0,355 -0,389
48,478 -0,400 -0,194
48,503 -0,377 0,024
48,530 -0,377 0,194
48,555 -0,355 0,437
48,580 -0,289 0,656
48,606 -0,289 0,802
48,632 -0,222 0,972
48,659 -0,178 1,118
48,684 -0,067 1,264
48,709 0,000 1,385
48,735 0,111 1,482
48,760 0,200 1,555
48,787 0,289 1,628
48,813 0,444 1,677
48,838 0,555 1,652
48,863 0,710 1,677
48,888 0,799 1,628
48,914 0,932 1,604
48,939 1,066 1,531
48,965 1,177 1,434
48,990 1,332 1,361
49,016 1,443 1,239
49,041 1,576 1,118
49,066 1,643 0,948
49,091 1,732 0,826
49,118 1,798 0,632
49,143 1,887 0,437
49,169 1,909 0,267
49,194 1,954 0,097
49,219 1,976 -0,073
49,244 1,976 -0,267
49,269 1,954 -0,413
49,294 1,909 -0,583
49,319 1,865 -0,753
49,344 1,798 -0,875
49,369 1,732 -1,021
49,394 1,643 -1,142
49,419 1,532 -1,239
49,444 1,421 -1,337
49,469 1,265 -1,434
49,494 1,132 -1,507
49,519 0,999 -1,531
49,545 0,799 -1,555
49,570 0,666 -1,555
49,595 0,488 -1,579
49,620 0,333 -1,531
49,645 0,133 -1,507
49,670 -0,022 -1,458
49,695 -0,200 -1,409
49,720 -0,333 -1,337
49,746 -0,488 -1,264
49,771 -0,622 -1,118
49,798 -0,755 -1,045
49,823 -0,866 -0,899
49,848 -0,999 -0,802
49,873 -1,066 -0,656
49,898 -1,132 -0,559
49,923 -1,177 -0,413
49,948 -1,221 -0,292
49,974 -1,199 -0,146
49,999 -1,199 -0,049
50,025 -1,154 0,049
50,050 -1,088 0,194
50,075 -1,021 0,292
50,100 -0,932 0,389
50,125 -0,799 0,462
50,150 -0,688 0,535
50,176 -0,555 0,632
50,201 -0,377 0,705
50,226 -0,222 0,729
50,251 -0,022 0,778
50,276 0,133 0,753
50,302 0,333 0,778
50,327 0,555 0,753
50,353 0,777 0,778
50,378 0,955 0,753
50,403 1,177 0,729
50,428 1,354 0,656
50,453 1,554 0,607
50,479 1,709 0,535
50,504 1,865 0,510
50,529 1,998 0,413
50,555 2,153 0,340
50,580 2,287 0,292
50,605 2,375 0,194
50,630 2,464 0,146
50,655 2,531 0,049
50,680 2,575 0,000
50,705 2,553 -0,097
50,730 2,553 -0,121
50,756 2,531 -0,243
50,781 2,486 -0,267
50,806 2,375 -0,316
50,831 2,287 -0,364
50,856 2,176 -0,413
50,881 2,042 -0,413
50,906 1,887 -0,462
50,931 1,732 -0,462
50,956 1,510 -0,486
50,981 1,332 -0,486
51,006 1,132 -0,510
51,031 0,932 -0,486
51,057 0,688 -0,510
51,082 0,511 -0,462
51,109 0,266 -0,486
51,135 0,022 -0,462
51,160 -0,155 -0,413
51,185 -0,400 -0,413
51,211 -0,555 -0,389
51,236 -0,755 -0,364
51,261 -0,910 -0,316
51,286 -1,066 -0,340
51,311 -1,199 -0,292
51,336 -1,288 -0,292
51,361 -1,376 -0,243
51,387 -1,465 -0,243
51,412 -1,487 -0,219
51,439 -1,510 -0,243
51,464 -1,510 -0,219
51,489 -1,465 -0,219
51,514 -1,421 -0,243
51,539 -1,354 -0,243
51,564 -1,243 -0,267
51,589 -1,132 -0,243
51,615 -0,999 -0,292
51,640 -0,821 -0,292
51,666 -0,666 -0,316
51,692 -0,466 -0,292
51,717 -0,289 -0,364
51,742 -0,044 -0,340
51,768 0,155 -0,364
51,793 0,377 -0,389
51,818 0,577 -0,364
51,843 0,821 -0,389
51,869 0,977 -0,413
51,895 1,199 -0,413
51,921 1,421 -0,413
51,946 1,621 -0,437
51,972 1,820 -0,389
51,997 1,954 -0,389
52,022 2,131 -0,340
52,048 2,242 -0,340
52,074 2,353 -0,292
52,099 2,442 -0,267
52,124 2,486 -0,194
52,149 2,553 -0,146
52,174 2,553 -0,097
52,199 2,575 -0,049
52,225 2,531 0,024
52,250 2,509 0,097
52,275 2,420 0,146
52,300 2,331 0,219
52,325 2,198 0,267
52,351 2,065 0,316
52,377 1,931 0,364
52,403 1,754 0,437
52,428 1,576 0,486
52,453 1,421 0,535
52,479 1,221 0,559
52,505 1,021 0,607
52,530 0,821 0,656
52,556 0,622 0,656
52,581 0,422 0,705
52,607 0,222 0,656
52,632 0,022 0,656
52,657 -0,155 0,583
52,682 -0,333 0,583
52,708 -0,511 0,510
52,733 -0,644 0,462
52,758 -0,777 0,389
52,783 -0,910 0,340
52,808 -1,021 0,243
52,833 -1,066 0,170
52,860 -1,132 0,073
52,886 -1,221 -0,049
52,912 -1,199 -0,121
52,938 -1,221 -0,267
52,963 -1,177 -0,389
52,989 -1,154 -0,486
53,014 -1,088 -0,632
53,039 -1,021 -0,729
53,065 -0,910 -0,850
53,090 -0,799 -0,948
53,115 -0,688 -1,045
53,141 -0,511 -1,118
53,166 -0,377 -1,215
53,191 -0,222 -1,264
53,216 -0,089 -1,337
53,241 0,133 -1,385
53,268 0,289 -1,434
53,293 0,488 -1,458
53,318 0,644 -1,458
53,344 0,821 -1,434
53,369 0,999 -1,385
53,395 1,154 -1,337
53,420 1,310 -1,288
53,445 1,399 -1,215
53,471 1,532 -1,142
53,496 1,643 -1,045
53,521 1,754 -0,923
53,546 1,843 -0,826
53,571 1,909 -0,680
53,596 1,931 -0,535
53,622 1,998 -0,364
53,648 1,998 -0,219
53,673 1,976 -0,073
53,698 1,954 0,097
53,723 1,954 0,267
53,748 1,887 0,413
53,774 1,843 0,583
53,799 1,754 0,729
53,824 1,665 0,850
53,849 1,576 0,972
53,875 1,443 1,118
53,900 1,376 1,264
53,925 1,221 1,337
53,950 1,110 1,409
53,976 0,977 1,458
54,001 0,866 1,531
54,026 0,710 1,507
54,052 0,599 1,531
54,077 0,444 1,507
54,102 0,333 1,482
54,128 0,200 1,434
54,153 0,111 1,385
54,179 0,000 1,264
54,205 -0,089 1,142
54,230 -0,178 1,045
54,255 -0,244 0,899
54,280 -0,311 0,753
54,305 -0,355 0,583
54,330 -0,377 0,437
54,356 -0,400 0,219
54,381 -0,400 0,049
54,406 -0,400 -0,170
54,431 -0,377 -0,364
54,456 -0,377 -0,559
54,481 -0,333 -0,729
54,506 -0,311 -0,899
54,531 -0,244 -1,069
54,556 -0,222 -1,239
54,582 -0,155 -1,385
54,607 -0,089 -1,555
54,632 0,000 -1,677
54,657 0,067 -1,823
54,682 0,155 -1,920
54,708 0,222 -1,993
54,734 0,333 -2,041
54,759 0,400 -2,065
54,786 0,466 -2,090
54,811 0,577 -2,041
54,836 0,644 -2,041
54,862 0,710 -1,944
54,888 0,755 -1,895
54,914 0,844 -1,798
54,940 0,866 -1,677
54,965 0,910 -1,531
54,990 0,955 -1,385
55,016 0,977 -1,239
55,041 0,999 -1,021
55,067 0,999 -0,850
55,093 1,021 -0,607
55,118 0,999 -0,413
55,144 1,043 -0,194
55,169 0,999 0,000
55,196 0,999 0,243
55,221 0,977 0,462
55,246 0,977 0,656
55,271 0,932 0,875
55,296 0,888 1,045
55,321 0,888 1,239
55,346 0,866 1,361
55,371 0,844 1,531
55,397 0,777 1,628
55,422 0,755 1,750
55,448 0,733 1,798
55,474 0,688 1,871
55,499 0,666 1,895
55,525 0,666 1,895
55,550 0,622 1,920
55,575 0,622 1,871
55,600 0,622 1,823
55,626 0,599 1,701
55,652 0,622 1,628
55,678 0,599 1,482
55,703 0,599 1,337
55,729 0,577 1,166
55,754 0,599 0,996
55,779 0,599 0,826
55,804 0,622 0,607
55,830 0,599 0,413
55,855 0,622 0,194
55,881 0,666 -0,049
55,906 0,666 -0,267
55,931 0,688 -0,486
55,956 0,666 -0,705
55,981 0,688 -0,875
56,006 0,666 -1,093
56,032 0,688 -1,264
56,058 0,666 -1,482
56,083 0,666 -1,604
56,108 0,644 -1,750
56,134 0,644 -1,871
56,160 0,599 -1,968
56,185 0,577 -2,065
56,211 0,577 -2,114
56,236 0,511 -2,138
56,261 0,488 -2,138
56,287 0,422 -2,163
56,313 0,400 -2,090
56,338 0,333 -2,065
56,364 0,311 -1,968
56,389 0,266 -1,871
56,415 0,222 -1,774
56,440 0,178 -1,628
56,465 0,133 -1,482
56,490 0,089 -1,288
56,517 0,067 -1,118
56,542 0,022 -0,899
56,567 -0,022 -0,729
56,593 -0,022 -0,535
56,618 -0,067 -0,340
56,643 -0,044 -0,097
56,669 -0,067 0,097
56,694 -0,067 0,292
56,719 -0,022 0,462
56,745 -0,022 0,656
56,771 0,044 0,850
56,796 0,067 1,021
56,821 0,111 1,166
56,846 0,155 1,288
56,871 0,244 1,409
56,896 0,289 1,482
56,921 0,377 1,579
56,946 0,444 1,628
56,971 0,555 1,677
56,998 0,622 1,677
57,023 0,733 1,701
57,049 0,821 1,652
57,074 0,910 1,579
57,099 0,999 1,531
57,125 1,088 1,458
57,150 1,221 1,337
57,176 1,288 1,215
57,201 1,376 1,093
57,228 1,421 0,948
57,254 1,487 0,802
57,279 1,554 0,607
57,304 1,576 0,413
57,330 1,621 0,243
57,356 1,665 0,073
57,381 1,665 -0,073
57,406 1,665 -0,316
57,431 1,665 -0,462
57,456 1,621 -0,632
57,481 1,576 -0,778
57,506 1,510 -0,972
57,531 1,465 -1,093
57,556 1,354 -1,215
57,581 1,288 -1,312
57,608 1,177 -1,409
57,633 1,066 -1,482
57,658 0,932 -1,555
57,683 0,821 -1,628
57,710 0,688 -1,652
57,735 0,555 -1,701
57,761 0,422 -1,652
57,786 0,244 -1,628
57,811 0,133 -1,579
57,836 -0,022 -1,531
57,861 -0,155 -1,458
57,886 -0,266 -1,385
57,911 -0,400 -1,264
57,936 -0,511 -1,166
57,961 -0,599 -1,045
57,988 -0,710 -0,948
58,014 -0,777 -0,802
58,039 -0,844 -0,680
58,065 -0,866 -0,510
58,091 -0,888 -0,364
58,116 -0,910 -0,243
58,141 -0,910 -0,097
58,168 -0,888 0,024
58,194 -0,821 0,170
58,219 -0,821 0,292
58,245 -0,733 0,389
58,270 -0,622 0,510
58,296 -0,533 0,583
58,321 -0,400 0,705
58,346 -0,289 0,778
58,371 -0,111 0,850
58,398 0,022 0,875
58,423 0,200 0,923
58,449 0,355 0,899
58,474 0,533 0,923
58,499 0,710 0,923
58,524 0,866 0,923
58,549 1,021 0,899
58,574 1,199 0,875
58,599 1,354 0,802
58,626 1,510 0,753
58,651 1,665 0,705
58,676 1,820 0,583
58,701 1,954 0,535
58,728 2,042 0,437
58,754 2,153 0,340
58,779 2,220 0,243
58,805 2,287 0,121
58,832 2,331 0,049
58,858 2,331 -0,049
58,884 2,331 -0,121
58,909 2,309 -0,219
58,934 2,242 -0,316
58,959 2,176 -0,364
58,985 2,087 -0,462
59,010 1,976 -0,510
59,036 1,843 -0,559
59,061 1,754 -0,583
59,086 1,576 -0,656
59,111 1,443 -0,680
59,136 1,243 -0,705
59,161 1,066 -0,729
59,186 0,866 -0,729
59,211 0,688 -0,729
59,236 0,466 -0,729
59,261 0,311 -0,680
59,286 0,089 -0,680
59,311 -0,067 -0,632
59,336 -0,289 -0,656
59,361 -0,444 -0,607
59,386 -0,622 -0,607
59,411 -0,755 -0,535
59,436 -0,888 -0,535
59,461 -0,977 -0,437
59,486 -1,110 -0,413
59,511 -1,177 -0,389
59,536 -1,288 -0,364
59,561 -1,265 -0,292
59,588 -1,354 -0,267
59,613 -1,354 -0,243
59,638 -1,332 -0,219
59,663 -1,265 -0,170
59,688 -1,221 -0,194
59,714 -1,110 -0,146
59,739 -0,999 -0,170
59,765 -0,910 -0,146
59,791 -0,755 -0,073
59,816 -0,599 -0,073
59,841 -0,422 -0,073
59,866 -0,266 -0,097
59,891 -0,044 -0,073
59,918 0,133 -0,097
59,943 0,355 -0,097
59,968 0,533 -0,121
59,993 0,755 -0,121
60,019 0,932 -0,121
60,045 1,154 -0,146
60,072 1,376 -0,121
60,098 1,554 -0,170
60,123 1,732 -0,146
60,149 1,865 -0,146
60,174 2,020 -0,146
60,200 2,131 -0,146
60,225 2,242 -0,146
60,251 2,331 -0,097
60,276 2,375 -0,097
60,301 2,442 -0,049
60,326 2,464 -0,049
60,351 2,442 -0,024
60,378 2,442 -0,024
60,403 2,420 0,024
60,429 2,331 0,049
60,455 2,242 0,097
60,480 2,153 0,121
60,505 2,020 0,146
60,530 1,887 0,170
60,555 1,709 0,194
60,581 1,554 0,243
60,606 1,399 0,267
60,631 1,221 0,292
60,656 1,021 0,292
60,682 0,844 0,340
60,708 0,644 0,340
60,734 0,444 0,340
60,760 0,222 0,340
60,786 0,022 0,316
60,811 -0,155 0,316
60,838 -0,355 0,292
60,863 -0,488 0,267
60,888 -0,644 0,219
60,913 -0,777 0,194
60,939 -0,866 0,121
60,964 -0,955 0,073
60,989 -1,066 0,000
61,015 -1,132 -0,049
61,040 -1,177 -0,121
61,066 -1,221 -0,194
61,092 -1,177 -0,267
61,118 -1,177 -0,364
61,143 -1,132 -0,437
61,168 -1,088 -0,535
61,194 -0,999 -0,632
61,219 -0,932 -0,680
61,245 -0,799 -0,778
61,270 -0,644 -0,826
61,295 -0,533 -0,899
61,320 -0,377 -0,923
61,346 -0,222 -1,021
61,372 -0,067 -1,069
61,398 0,089 -1,093
61,423 0,289 -1,118
61,448 0,466 -1,142
61,474 0,644 -1,118
61,499 0,799 -1,093
61,526 0,977 -1,093
61,551 1,132 -1,045
61,576 1,288 -1,021
61,601 1,443 -0,948
61,626 1,576 -0,875
61,651 1,709 -0,802
61,676 1,798 -0,729
61,702 1,887 -0,632
61,728 1,931 -0,559
61,753 2,020 -0,413
61,779 2,042 -0,316
61,804 2,065 -0,194
61,829 2,065 -0,049
61,854 2,065 0,073
61,879 2,020 0,219
61,904 1,954 0,364
61,930 1,887 0,462
61,956 1,820 0,559
61,981 1,732 0,729
62,006 1,621 0,826
62,031 1,532 0,923
62,058 1,376 0,996
62,083 1,265 1,093
62,108 1,132 1,118
62,133 1,021 1,191
62,158 0,844 1,191
62,184 0,710 1,239
62,209 0,555 1,239
62,234 0,422 1,191
62,259 0,289 1,191
62,284 0,178 1,142
62,310 0,044 1,069
62,335 -0,067 0,996
62,360 -0,155 0,923
62,385 -0,244 0,802
62,412 -0,333 0,705
62,438 -0,400 0,510
62,463 -0,444 0,413
62,489 -0,488 0,243
62,514 -0,533 0,097
62,539 -0,555 -0,073
62,564 -0,555 -0,243
62,589 -0,533 -0,389
62,614 -0,533 -0,559
62,639 -0,488 -0,705
62,665 -0,444 -0,899
62,690 -0,377 -0,996
62,716 -0,333 -1,166
62,741 -0,222 -1,288
62,768 -0,178 -1,434
62,794 -0,067 -1,531
62,819 0,022 -1,628
62,845 0,133 -1,725
62,870 0,222 -1,750
62,896 0,311 -1,798
62,921 0,444 -1,823
62,946 0,511 -1,847
62,971 0,622 -1,798
62,998 0,666 -1,774
63,023 0,755 -1,725
63,048 0,844 -1,677
63,073 0,932 -1,555
63,098 0,977 -1,458
63,123 1,043 -1,337
63,149 1,088 -1,215
63,174 1,132 -1,069
63,199 1,177 -0,875
63,224 1,199 -0,729
63,249 1,221 -0,535
63,275 1,221 -0,389
63,301 1,243 -0,121
63,326 1,221 0,024
63,351 1,221 0,243
63,378 1,177 0,389
63,403 1,154 0,583
63,428 1,110 0,753
63,454 1,132 0,948
63,479 1,043 1,118
63,504 0,999 1,239
63,529 0,932 1,361
63,555 0,888 1,458
63,580 0,888 1,555
63,605 0,821 1,628
63,630 0,755 1,677
63,656 0,710 1,701
63,681 0,666 1,725
63,706 0,599 1,701
63,731 0,599 1,677
63,756 0,555 1,628
63,781 0,533 1,531
63,806 0,466 1,434
63,831 0,466 1,337
63,857 0,444 1,215
63,882 0,466 1,093
63,908 0,400 0,899
63,934 0,400 0,729
63,959 0,377 0,535
63,984 0,400 0,340
64,009 0,377 0,121
64,036 0,400 -0,073
64,061 0,400 -0,243
64,086 0,422 -0,486
64,111 0,400 -0,656
64,136 0,400 -0,850
64,161 0,466 -1,045
64,186 0,466 -1,215
64,211 0,488 -1,361
64,236 0,444 -1,507
64,261 0,466 -1,628
64,287 0,444 -1,774
64,313 0,488 -1,847
64,338 0,488 -1,944
64,364 0,466 -1,968
64,389 0,444 -2,017
64,414 0,444 -2,041
64,439 0,444 -2,041
64,464 0,422 -2,017
64,489 0,422 -1,968
64,514 0,400 -1,895
64,539 0,422 -1,798
64,565 0,377 -1,701
64,590 0,355 -1,555
64,615 0,311 -1,434
64,640 0,311 -1,264
64,665 0,266 -1,118
64,690 0,289 -0,923
64,716 0,266 -0,753
64,741 0,244 -0,559
64,766 0,200 -0,364
64,791 0,244 -0,146
64,818 0,222 0,024
64,844 0,244 0,243
64,869 0,222 0,437
64,895 0,244 0,607
64,920 0,289 0,826
64,947 0,266 0,996
64,973 0,333 1,142
64,998 0,377 1,239
65,023 0,422 1,361
65,048 0,444 1,434
65,073 0,533 1,507
65,098 0,533 1,579
65,123 0,599 1,628
65,148 0,644 1,628
65,173 0,733 1,652
65,198 0,777 1,604
65,223 0,844 1,579
65,248 0,888 1,507
65,274 0,977 1,434
65,300 0,999 1,337
65,325 1,066 1,215
65,350 1,154 1,118
65,376 1,177 0,948
65,401 1,265 0,826
65,428 1,288 0,632
65,454 1,310 0,462
65,479 1,332 0,267
65,506 1,376 0,073
65,531 1,376 -0,097
65,558 1,376 -0,292
65,583 1,376 -0,462
65,609 1,332 -0,656
65,634 1,288 -0,826
65,659 1,265 -0,948
65,684 1,221 -1,093
65,709 1,132 -1,215
65,735 1,066 -1,361
65,760 1,021 -1,434
65,785 0,910 -1,531
65,811 0,821 -1,604
65,838 0,710 -1,652
65,863 0,622 -1,677
65,890 0,511 -1,701
65,915 0,377 -1,701
65,940 0,311 -1,677
65,965 0,200 -1,652
65,990 0,089 -1,579
66,015 -0,022 -1,531
66,041 -0,111 -1,434
66,067 -0,200 -1,337
66,093 -0,311 -1,215
66,118 -0,400 -1,093
66,144 -0,466 -0,948
66,169 -0,555 -0,826
66,194 -0,577 -0,680
66,219 -0,599 -0,559
66,245 -0,599 -0,413
66,270 -0,622 -0,243
66,296 -0,644 -0,097
66,321 -0,622 0,073
66,347 -0,577 0,170
66,373 -0,511 0,316
66,398 -0,466 0,413
66,423 -0,400 0,559
66,449 -0,333 0,656
66,475 -0,222 0,753
66,501 -0,089 0,875
66,528 0,022 0,899
66,554 0,155 0,948
66,579 0,289 1,021
66,605 0,400 1,045
66,630 0,577 1,069
66,655 0,710 1,069
66,680 0,888 1,045
66,705 1,043 0,972
66,730 1,154 0,972
66,755 1,288 0,899
66,780 1,443 0,875
66,806 1,554 0,778
66,831 1,665 0,705
66,856 1,732 0,607
66,881 1,843 0,510
66,908 1,931 0,413
66,934 1,998 0,316
66,959 2,065 0,194
66,984 2,087 0,073
67,009 2,087 -0,024
67,034 2,065 -0,146
67,059 2,020 -0,243
67,084 1,998 -0,340
67,109 1,954 -0,413
67,134 1,865 -0,535
67,160 1,776 -0,583
67,185 1,687 -0,656
67,210 1,576 -0,680
67,235 1,443 -0,778
67,260 1,310 -0,826
67,285 1,154 -0,875
67,310 1,021 -0,875
67,336 0,844 -0,923
67,361 0,688 -0,923
67,386 0,511 -0,948
67,412 0,333 -0,875
67,437 0,133 -0,875
67,462 -0,022 -0,850
67,488 -0,200 -0,826
67,514 -0,333 -0,778
67,539 -0,511 -0,729
67,564 -0,622 -0,705
67,589 -0,733 -0,632
67,615 -0,844 -0,559
67,640 -0,955 -0,510
67,665 -1,043 -0,486
67,690 -1,043 -0,413
67,716 -1,110 -0,389
67,741 -1,110 -0,316
67,766 -1,132 -0,292
67,791 -1,110 -0,194
67,818 -1,110 -0,170
67,844 -1,021 -0,097
67,870 -0,955 -0,073
67,895 -0,866 -0,049
67,921 -0,733 0,024
67,946 -0,622 0,049
67,971 -0,466 0,097
67,998 -0,333 0,097
68,023 -0,178 0,097
68,049 0,000 0,121
68,074 0,200 0,121
68,099 0,400 0,097
68,124 0,555 0,121
68,149 0,755 0,121
68,174 0,932 0,097
68,200 1,110 0,097
68,225 1,288 0,073
68,250 1,465 0,073
68,276 1,621 0,049
68,301 1,798 0,049
68,326 1,887 0,024
68,351 2,042 0,049
68,376 2,131 0,000
68,401 2,220 0,000
68,426 2,264 -0,024
68,451 2,309 0,000
68,479 2,309 -0,024
68,504 2,309 0,000
68,529 2,309 -0,024
68,554 2,264 -0,049
68,579 2,198 -0,049
68,604 2,153 -0,049
68,629 2,065 0,000
68,654 1,931 0,024
68,679 1,820 0,024
68,704 1,665 0,024
68,729 1,532 0,049
68,754 1,376 0,024
68,779 1,199 0,049
68,804 1,043 0,049
68,829 0,866 0,049
68,854 0,666 0,049
68,879 0,488 0,049
68,904 0,333 0,049
68,929 0,155 0,073
68,954 -0,022 0,049
68,979 -0,222 0,049
69,004 -0,377 0,024
69,029 -0,511 0,024
69,054 -0,644 0,000
69,079 -0,777 -0,024
69,104 -0,866 -0,049
69,129 -0,955 -0,097
69,154 -1,021 -0,170
69,179 -1,066 -0,194
69,204 -1,110 -0,219
69,229 -1,110 -0,267
69,254 -1,110 -0,316
69,279 -1,088 -0,364
69,304 -1,066 -0,413
69,330 -1,021 -0,486
69,355 -0,955 -0,535
69,380 -0,844 -0,559
69,406 -0,733 -0,632
69,431 -0,577 -0,656
69,456 -0,466 -0,729
69,481 -0,311 -0,729
69,506 -0,155 -0,753
69,531 0,022 -0,778
69,556 0,155 -0,826
69,582 0,355 -0,826
69,608 0,511 -0,826
69,633 0,688 -0,826
69,658 0,844 -0,826
69,684 1,043 -0,826
69,709 1,199 -0,778
69,734 1,332 -0,753
69,759 1,487 -0,705
69,784 1,576 -0,656
69,809 1,687 -0,583
69,835 1,776 -0,535
69,860 1,909 -0,437
69,885 1,954 -0,364
69,911 2,042 -0,267
69,936 2,065 -0,194
69,961 2,087 -0,097
69,986 2,065 0,000
70,012 2,065 0,121
70,038 2,020 0,170
70,064 1,954 0,267
70,089 1,909 0,389
70,114 1,820 0,486
70,139 1,732 0,583
70,165 1,598 0,656
70,190 1,532 0,778
70,216 1,376 0,826
70,241 1,310 0,850
70,266 1,132 0,875
70,291 0,999 0,923
70,317 0,844 0,923
70,342 0,688 0,972
70,369 0,533 0,948
70,395 0,400 0,923
70,421 0,244 0,899
70,446 0,111 0,850
70,471 0,000 0,826
70,498 -0,133 0,729
70,524 -0,244 0,656
70,549 -0,333 0,559
70,575 -0,422 0,437
70,600 -0,488 0,340
70,626 -0,555 0,194
70,651 -0,577 0,121
70,676 -0,622 -0,024
70,701 -0,622 -0,146
70,727 -0,644 -0,292
70,752 -0,622 -0,437
70,778 -0,599 -0,559
70,804 -0,555 -0,705
70,829 -0,533 -0,826
70,855 -0,466 -0,972
70,880 -0,355 -1,069
70,906 -0,311 -1,191
70,931 -0,200 -1,264
70,956 -0,089 -1,385
70,982 -0,022 -1,434
71,008 0,067 -1,507
71,033 0,200 -1,531
71,059 0,311 -1,555
71,086 0,422 -1,579
71,111 0,555 -1,579
71,138 0,644 -1,555
71,163 0,755 -1,507
71,189 0,821 -1,458
71,215 0,932 -1,385
71,240 1,043 -1,288
71,266 1,110 -1,215
71,291 1,199 -1,069
71,316 1,243 -0,972
71,341 1,310 -0,826
71,366 1,310 -0,656
71,391 1,332 -0,510
71,416 1,354 -0,364
71,441 1,399 -0,194
71,466 1,376 -0,049
71,491 1,376 0,121
71,516 1,332 0,267
71,541 1,332 0,462
71,566 1,310 0,607
71,591 1,265 0,778
71,616 1,199 0,899
71,641 1,177 1,021
71,666 1,088 1,118
71,691 1,066 1,239
71,716 0,999 1,312
71,741 0,932 1,385
71,766 0,866 1,434
71,791 0,821 1,482
71,818 0,733 1,482
71,844 0,666 1,482
71,869 0,599 1,458
71,895 0,533 1,409
71,920 0,488 1,409
71,945 0,422 1,288
71,970 0,400 1,215
71,996 0,333 1,093
72,021 0,311 0,996
72,046 0,244 0,850
72,071 0,266 0,729
72,096 0,222 0,535
72,121 0,222 0,389
72,148 0,178 0,194
72,174 0,222 0,000
72,200 0,178 -0,170
72,225 0,178 -0,389
72,250 0,200 -0,535
72,275 0,222 -0,729
72,300 0,244 -0,875
72,325 0,244 -1,045
72,350 0,266 -1,166
72,375 0,266 -1,337
72,400 0,311 -1,434
72,426 0,333 -1,579
72,451 0,355 -1,652
72,476 0,355 -1,774
72,501 0,422 -1,798
72,528 0,400 -1,847
72,553 0,422 -1,871
72,578 0,400 -1,895
72,603 0,444 -1,895
72,628 0,466 -1,871
72,653 0,488 -1,798
72,678 0,488 -1,725
72,703 0,488 -1,628
72,729 0,488 -1,531
72,755 0,466 -1,409
72,780 0,488 -1,264
72,806 0,488 -1,118
72,831 0,488 -0,923
72,858 0,488 -0,753
72,884 0,488 -0,583
72,909 0,488 -0,389
72,935 0,466 -0,243
72,960 0,511 -0,024
72,985 0,488 0,146
73,010 0,511 0,340
73,035 0,511 0,462
73,061 0,511 0,680
73,086 0,511 0,826
73,111 0,533 0,996
73,136 0,533 1,093
73,161 0,577 1,215
73,186 0,555 1,312
73,211 0,577 1,409
73,238 0,577 1,458
73,264 0,644 1,507
73,289 0,666 1,531
73,314 0,688 1,531
73,339 0,733 1,531
73,364 0,777 1,482
73,389 0,799 1,458
73,414 0,821 1,385
73,440 0,910 1,312
73,465 0,932 1,215
73,490 0,977 1,093
73,515 0,977 0,972
73,541 1,021 0,875
73,566 1,043 0,680
73,592 1,088 0,510
73,618 1,088 0,340
73,643 1,088 0,146
73,668 1,088 0,000
73,693 1,110 -0,170
73,718 1,110 -0,364
73,744 1,088 -0,535
73,769 1,066 -0,656
73,795 1,021 -0,826
73,820 1,021 -0,972
73,845 0,977 -1,118
73,870 0,955 -1,239
73,896 0,888 -1,361
73,921 0,844 -1,434
73,946 0,755 -1,531
73,971 0,710 -1,579
73,996 0,622 -1,677
74,021 0,577 -1,652
74,047 0,466 -1,677
74,073 0,422 -1,677
74,098 0,311 -1,677
74,123 0,244 -1,628
74,148 0,178 -1,579
74,173 0,089 -1,482
74,198 -0,022 -1,434
74,223 -0,067 -1,312
74,249 -0,155 -1,191
74,275 -0,200 -1,093
74,300 -0,222 -0,948
74,325 -0,289 -0,826
74,350 -0,311 -0,680
74,376 -0,333 -0,535
74,401 -0,333 -0,364
74,426 -0,355 -0,219
74,451 -0,355 -0,073
74,477 -0,355 0,073
74,502 -0,289 0,194
74,527 -0,289 0,316
74,553 -0,222 0,486
74,578 -0,178 0,583
74,604 -0,089 0,729
74,629 -0,022 0,802
74,654 0,044 0,875
74,679 0,178 0,972
74,705 0,289 1,021
74,731 0,400 1,069
74,756 0,488 1,093
74,781 0,644 1,118
74,806 0,710 1,118
74,831 0,844 1,118
74,856 0,977 1,093
74,882 1,088 1,069
74,908 1,177 0,972
74,933 1,310 0,923
74,958 1,376 0,826
74,983 1,487 0,778
75,008 1,554 0,656
75,033 1,643 0,559
75,058 1,687 0,462
75,084 1,732 0,340
75,109 1,776 0,219
75,134 1,798 0,097
75,159 1,798 0,000
75,185 1,820 -0,146
75,210 1,798 -0,219
75,235 1,754 -0,340
75,260 1,732 -0,437
75,286 1,643 -0,559
75,311 1,598 -0,632
75,336 1,510 -0,729
75,361 1,421 -0,802
75,387 1,310 -0,875
75,412 1,199 -0,923
75,438 1,043 -0,996
75,463 0,910 -1,021
75,489 0,777 -1,045
75,514 0,599 -1,045
75,539 0,466 -1,045
75,564 0,311 -1,045
75,589 0,178 -1,021
75,614 0,022 -1,021
75,639 -0,089 -0,972
75,665 -0,222 -0,923
75,691 -0,333 -0,899
75,716 -0,466 -0,826
75,741 -0,577 -0,753
75,766 -0,666 -0,705
75,791 -0,733 -0,632
75,816 -0,821 -0,583
75,841 -0,866 -0,510
75,866 -0,910 -0,389
75,891 -0,910 -0,316
75,916 -0,910 -0,267
75,941 -0,888 -0,194
75,968 -0,866 -0,121
75,994 -0,799 -0,073
76,020 -0,755 0,024
76,046 -0,666 0,049
76,071 -0,555 0,121
76,097 -0,466 0,146
76,123 -0,311 0,219
76,148 -0,200 0,243
76,173 -0,022 0,267
76,198 0,111 0,267
76,224 0,266 0,316
76,250 0,444 0,340
76,275 0,577 0,340
76,300 0,777 0,340
76,326 0,910 0,316
76,351 1,088 0,316
76,376 1,243 0,292
76,401 1,399 0,292
76,426 1,510 0,219
76,451 1,665 0,243
76,477 1,754 0,194
76,502 1,887 0,170
76,528 1,954 0,121
76,553 2,042 0,121
76,578 2,109 0,049
76,604 2,153 0,049
76,629 2,153 0,024
76,655 2,153 -0,024
76,680 2,153 -0,024
76,705 2,109 -0,073
76,730 2,087 -0,097
76,755 1,998 -0,121
76,781 1,931 -0,121
76,806 1,843 -0,170
76,831 1,732 -0,146
76,856 1,598 -0,146
76,881 1,443 -0,146
76,906 1,288 -0,170
76,931 1,154 -0,121
76,956 0,977 -0,170
76,981 0,821 -0,146
77,006 0,644 -0,194
77,031 0,466 -0,170
77,056 0,311 -0,194
77,081 0,155 -0,170
77,106 -0,022 -0,194
77,131 -0,155 -0,170
77,156 -0,311 -0,194
77,181 -0,422 -0,170
77,207 -0,577 -0,219
77,232 -0,688 -0,194
77,257 -0,777 -0,219
77,283 -0,844 -0,219
77,308 -0,932 -0,243
77,334 -0,977 -0,267
77,360 -1,021 -0,267
77,385 -1,021 -0,316
77,410 -0,999 -0,316
77,435 -0,999 -0,364
77,460 -0,932 -0,340
77,486 -0,866 -0,389
77,511 -0,799 -0,413
77,536 -0,733 -0,437
77,561 -0,599 -0,437
77,586 -0,511 -0,510
77,612 -0,355 -0,486
77,637 -0,244 -0,510
77,663 -0,067 -0,535
77,689 0,044 -0,559
77,714 0,222 -0,583
77,739 0,400 -0,559
77,764 0,555 -0,607
77,789 0,755 -0,559
77,814 0,888 -0,583
77,841 1,021 -0,559
77,866 1,199 -0,535
77,892 1,332 -0,510
77,917 1,443 -0,462
77,942 1,598 -0,413
77,968 1,687 -0,389
77,993 1,820 -0,316
78,019 1,887 -0,316
78,045 1,954 -0,243
78,071 2,042 -0,170
78,096 2,042 -0,121
78,121 2,065 -0,024
78,148 2,020 0,049
78,174 1,998 0,097
78,200 1,954 0,194
78,225 1,931 0,243
78,251 1,865 0,316
78,276 1,754 0,364
78,301 1,687 0,413
78,326 1,554 0,462
78,351 1,465 0,535
78,376 1,332 0,559
78,402 1,221 0,632
78,429 1,066 0,632
78,454 0,910 0,656
78,479 0,777 0,680
78,504 0,644 0,656
78,529 0,488 0,656
78,555 0,333 0,632
78,580 0,200 0,632
78,605 0,044 0,559
78,630 -0,067 0,559
78,655 -0,178 0,462
78,680 -0,266 0,437
78,706 -0,377 0,340
78,732 -0,444 0,267
78,757 -0,511 0,170
78,783 -0,577 0,097
78,808 -0,644 0,000
78,833 -0,644 -0,097
78,860 -0,688 -0,243
78,886 -0,688 -0,340
78,912 -0,666 -0,413
78,937 -0,644 -0,559
78,962 -0,577 -0,632
78,988 -0,555 -0,778
79,014 -0,466 -0,850
79,040 -0,400 -0,923
79,065 -0,333 -1,045
79,090 -0,222 -1,093
79,116 -0,133 -1,166
79,141 0,022 -1,191
79,166 0,133 -1,264
79,191 0,244 -1,288
79,216 0,333 -1,312
79,241 0,466 -1,288
79,266 0,555 -1,288
79,291 0,688 -1,264
79,316 0,777 -1,239
79,341 0,888 -1,191
79,366 0,977 -1,191
79,391 1,110 -1,093
79,416 1,154 -0,996
79,441 1,265 -0,875
79,466 1,310 -0,802
79,491 1,376 -0,656
79,516 1,421 -0,559
79,541 1,465 -0,437
79,566 1,487 -0,316
79,591 1,487 -0,146
79,616 1,465 -0,024
79,641 1,487 0,121
79,666 1,465 0,219
79,691 1,443 0,389
79,716 1,399 0,486
79,741 1,376 0,632
79,766 1,332 0,729
79,791 1,288 0,875
79,816 1,199 0,972
79,841 1,154 1,069
79,866 1,066 1,118
79,891 0,999 1,166
79,916 0,910 1,191
79,941 0,844 1,264
79,966 0,755 1,264
79,991 0,688 1,288
80,016 0,599 1,239
80,041 0,533 1,215
80,066 0,444 1,191
80,092 0,400 1,142
80,118 0,311 1,045
80,143 0,266 0,948
80,168 0,200 0,850
80,193 0,155 0,753
80,219 0,089 0,583
80,246 0,067 0,437
80,271 0,067 0,316
80,298 0,044 0,146
80,324 0,044 -0,024
80,350 0,022 -0,194
80,376 0,022 -0,364
80,401 0,044 -0,510
80,428 0,044 -0,680
80,453 0,067 -0,826
80,478 0,089 -0,972
80,503 0,111 -1,069
80,528 0,133 -1,215
80,553 0,178 -1,312
80,578 0,200 -1,434
80,604 0,244 -1,507
80,629 0,289 -1,579
80,654 0,333 -1,652
80,679 0,355 -1,677
80,704 0,400 -1,701
80,729 0,444 -1,701
80,755 0,466 -1,677
80,780 0,511 -1,677
80,805 0,533 -1,604
80,830 0,577 -1,531
80,855 0,555 -1,482
80,880 0,599 -1,361
80,905 0,622 -1,288
80,930 0,666 -1,142
80,955 0,644 -1,021
80,981 0,666 -0,850
81,007 0,666 -0,705
81,032 0,710 -0,535
81,058 0,688 -0,389
81,083 0,710 -0,219
81,108 0,710 -0,049
81,133 0,710 0,121
81,160 0,688 0,267
81,185 0,710 0,437
81,210 0,710 0,632
81,235 0,688 0,753
81,260 0,710 0,899
81,285 0,688 1,021
81,310 0,710 1,142
81,337 0,688 1,215
81,363 0,710 1,312
81,388 0,688 1,361
81,414 0,710 1,409
81,440 0,710 1,434
81,465 0,710 1,434
81,491 0,733 1,458
81,516 0,710 1,409
81,541 0,755 1,385
81,566 0,755 1,288
81,592 0,799 1,239
81,617 0,799 1,118
81,643 0,821 1,021
81,668 0,799 0,899
81,693 0,821 0,778
81,718 0,821 0,607
81,743 0,866 0,462
81,769 0,821 0,316
81,795 0,821 0,146
81,820 0,866 -0,024
81,846 0,844 -0,194
81,871 0,844 -0,340
81,896 0,844 -0,535
81,921 0,844 -0,680
81,946 0,799 -0,826
81,971 0,799 -0,923
81,998 0,755 -1,093
82,024 0,733 -1,215
82,049 0,688 -1,312
82,074 0,644 -1,409
82,099 0,644 -1,482
82,124 0,599 -1,579
82,149 0,533 -1,579
82,174 0,488 -1,628
82,199 0,444 -1,628
82,225 0,377 -1,677
82,250 0,355 -1,628
82,275 0,266 -1,579
82,301 0,244 -1,507
82,326 0,155 -1,458
82,352 0,155 -1,361
82,378 0,089 -1,264
82,404 0,044 -1,142
82,430 0,000 -1,021
82,456 -0,044 -0,899
82,481 -0,067 -0,753
82,508 -0,089 -0,656
82,534 -0,089 -0,462
82,559 -0,133 -0,340
82,586 -0,133 -0,219
82,612 -0,067 -0,024
82,639 -0,089 0,121
82,664 -0,067 0,267
82,689 -0,044 0,437
82,715 0,022 0,510
82,740 0,067 0,656
82,766 0,133 0,753
82,791 0,200 0,875
82,818 0,266 0,972
82,843 0,355 1,021
82,868 0,422 1,093
82,894 0,533 1,118
82,919 0,622 1,142
82,944 0,688 1,166
82,970 0,799 1,166
82,995 0,866 1,142
83,021 0,955 1,118
83,046 1,043 1,021
83,071 1,154 0,996
83,096 1,199 0,899
83,121 1,310 0,875
83,146 1,354 0,753
83,172 1,421 0,656
83,198 1,465 0,510
83,224 1,510 0,413
83,249 1,554 0,267
83,275 1,554 0,146
83,301 1,598 0,049
83,328 1,576 -0,073
83,354 1,576 -0,219
83,379 1,532 -0,340
83,405 1,487 -0,462
83,431 1,465 -0,559
83,457 1,399 -0,680
83,483 1,332 -0,753
83,508 1,243 -0,850
83,533 1,154 -0,923
83,559 1,021 -0,996
83,585 0,932 -1,069
83,610 0,844 -1,093
83,636 0,710 -1,142
83,661 0,599 -1,142
83,686 0,466 -1,166
83,712 0,377 -1,142
83,738 0,222 -1,118
83,764 0,111 -1,093
83,789 -0,022 -1,045
83,815 -0,155 -1,045
83,840 -0,244 -0,996
83,865 -0,311 -0,923
83,891 -0,400 -0,850
83,916 -0,488 -0,778
83,941 -0,533 -0,680
83,966 -0,599 -0,632
83,991 -0,622 -0,535
84,016 -0,666 -0,437
84,042 -0,688 -0,316
84,067 -0,710 -0,267
84,093 -0,666 -0,194
84,118 -0,644 -0,121
84,144 -0,599 0,000
84,169 -0,555 0,073
84,195 -0,488 0,121
84,221 -0,377 0,219
84,246 -0,289 0,267
84,271 -0,178 0,316
84,296 -0,089 0,364
84,321 0,067 0,413
84,346 0,155 0,413
84,371 0,333 0,437
84,396 0,444 0,462
84,421 0,622 0,486
84,446 0,733 0,486
84,471 0,888 0,510
84,496 0,999 0,462
84,521 1,154 0,462
84,546 1,243 0,413
84,571 1,399 0,413
84,598 1,487 0,340
84,623 1,598 0,316
84,650 1,687 0,267
84,675 1,776 0,219
84,700 1,887 0,194
84,726 1,931 0,146
84,751 1,976 0,097
84,776 1,976 0,024
84,802 1,976 0,024
84,828 1,976 -0,073
84,854 1,976 -0,097
84,881 1,887 -0,146
84,906 1,820 -0,194
84,931 1,776 -0,243
84,956 1,665 -0,243
84,982 1,576 -0,267
85,008 1,443 -0,292
85,034 1,310 -0,316
85,059 1,177 -0,316
85,084 1,043 -0,340
85,109 0,910 -0,364
85,134 0,755 -0,389
85,159 0,599 -0,389
85,186 0,444 -0,389
85,212 0,311 -0,364
85,237 0,111 -0,389
85,262 -0,022 -0,364
85,288 -0,155 -0,364
85,314 -0,266 -0,340
85,340 -0,400 -0,364
85,365 -0,533 -0,364
85,391 -0,622 -0,340
85,416 -0,733 -0,340
85,442 -0,777 -0,316
85,468 -0,821 -0,340
85,494 -0,866 -0,316
85,519 -0,910 -0,316
85,544 -0,910 -0,316
85,569 -0,888 -0,316
85,595 -0,866 -0,340
85,620 -0,821 -0,316
85,645 -0,755 -0,316
85,671 -0,666 -0,292
85,698 -0,622 -0,316
85,724 -0,488 -0,316
85,750 -0,355 -0,340
85,775 -0,222 -0,340
85,800 -0,089 -0,316
85,825 0,044 -0,340
85,850 0,200 -0,316
85,875 0,333 -0,340
85,900 0,533 -0,316
85,925 0,644 -0,316
85,950 0,799 -0,316
85,976 0,955 -0,292
86,001 1,110 -0,292
86,026 1,199 -0,292
86,051 1,354 -0,267
86,077 1,465 -0,267
86,102 1,576 -0,219
86,127 1,687 -0,219
86,153 1,776 -0,170
86,178 1,843 -0,146
86,203 1,931 -0,097
86,228 1,954 -0,073
86,253 1,998 0,000
86,278 1,976 0,000
86,304 1,976 0,049
86,329 1,954 0,097
86,354 1,931 0,121
86,379 1,865 0,170
86,405 1,776 0,194
86,430 1,709 0,219
86,456 1,621 0,267
86,481 1,487 0,316
86,508 1,399 0,316
86,533 1,265 0,364
86,558 1,132 0,364
86,583 1,021 0,413
86,610 0,866 0,389
86,636 0,688 0,389
86,662 0,599 0,437
86,688 0,422 0,413
86,713 0,289 0,389
86,739 0,133 0,340
86,764 0,022 0,316
86,789 -0,111 0,292
86,815 -0,200 0,243
86,840 -0,289 0,194
86,865 -0,422 0,121
86,890 -0,511 0,073
86,915 -0,555 0,024
86,940 -0,599 -0,024
86,965 -0,644 -0,121
86,990 -0,644 -0,219
87,015 -0,688 -0,292
87,040 -0,666 -0,364
87,066 -0,688 -0,462
87,091 -0,644 -0,510
87,116 -0,599 -0,583
87,141 -0,511 -0,656
87,166 -0,488 -0,753
87,191 -0,400 -0,802
87,216 -0,333 -0,875
87,241 -0,200 -0,899
87,268 -0,111 -0,996
87,294 0,000 -0,996
87,319 0,111 -1,045
87,344 0,244 -1,069
87,369 0,355 -1,093
87,394 0,466 -1,069
87,420 0,599 -1,069
87,445 0,710 -1,045
87,470 0,799 -0,972
87,495 0,932 -0,948
87,520 1,043 -0,899
87,545 1,132 -0,850
87,570 1,243 -0,778
87,595 1,310 -0,729
87,620 1,376 -0,632
87,645 1,421 -0,535
87,670 1,487 -0,437
87,696 1,510 -0,340
87,721 1,554 -0,194
87,746 1,554 -0,121
87,771 1,576 0,024
87,797 1,554 0,097
87,822 1,554 0,243
87,849 1,487 0,340
87,874 1,465 0,437
87,899 1,399 0,559
87,924 1,354 0,680
87,949 1,288 0,729
87,974 1,243 0,802
87,999 1,154 0,875
88,025 1,066 0,948
88,050 0,999 0,996
88,075 0,888 1,021
88,100 0,799 1,021
88,125 0,733 1,021
88,150 0,644 1,021
88,175 0,533 1,021
88,200 0,466 0,996
88,225 0,377 0,923
88,250 0,311 0,875
88,275 0,244 0,802
88,300 0,155 0,729
88,325 0,111 0,632
88,351 0,044 0,535
88,376 -0,022 0,389
88,401 0,000 0,292
88,427 -0,067 0,170
88,452 -0,089 0,049
88,477 -0,111 -0,097
88,502 -0,089 -0,219
88,527 -0,111 -0,364
88,552 -0,089 -0,486
88,577 -0,111 -0,632
88,602 -0,067 -0,729
88,628 -0,067 -0,875
88,653 0,000 -0,996
88,678 0,022 -1,118
88,703 0,089 -1,191
88,728 0,111 -1,288
88,754 0,155 -1,337
88,779 0,200 -1,434
88,806 0,266 -1,458
88,831 0,333 -1,482
88,858 0,377 -1,507
88,883 0,466 -1,507
88,908 0,488 -1,482
88,934 0,555 -1,434
88,959 0,599 -1,434
88,984 0,644 -1,361
89,009 0,644 -1,288
89,035 0,710 -1,191
89,060 0,755 -1,069
89,086 0,755 -0,996
89,112 0,799 -0,850
89,137 0,821 -0,753
89,163 0,866 -0,583
89,188 0,866 -0,462
89,213 0,910 -0,292
89,239 0,866 -0,170
89,264 0,888 0,024
89,289 0,888 0,146
89,316 0,888 0,292
89,341 0,888 0,462
89,366 0,844 0,583
89,392 0,866 0,729
89,418 0,821 0,850
89,443 0,821 0,972
89,469 0,799 1,045
89,495 0,777 1,142
89,521 0,777 1,191
89,546 0,755 1,215
89,571 0,755 1,264
89,598 0,755 1,288
89,625 0,755 1,312
89,650 0,710 1,288
89,676 0,688 1,239
89,701 0,688 1,215
89,726 0,688 1,118
89,751 0,666 1,069
89,777 0,666 0,948
89,802 0,666 0,875
89,827 0,644 0,778
89,852 0,666 0,632
89,878 0,666 0,462
89,903 0,644 0,364
89,928 0,644 0,194
89,953 0,666 0,049
89,978 0,644 -0,121
90,003 0,644 -0,243
90,029 0,622 -0,413
90,055 0,622 -0,535
90,080 0,599 -0,705
90,105 0,599 -0,850
90,131 0,599 -0,972
90,156 0,577 -1,093
90,181 0,577 -1,166
90,206 0,533 -1,264
90,231 0,533 -1,361
90,256 0,511 -1,482
90,281 0,488 -1,507
90,308 0,466 -1,555
90,333 0,444 -1,555
90,359 0,400 -1,579
90,384 0,400 -1,555
90,409 0,355 -1,531
90,435 0,355 -1,482
90,460 0,311 -1,434
90,485 0,289 -1,337
90,511 0,244 -1,264
90,536 0,200 -1,191
90,561 0,200 -1,069
90,587 0,178 -0,972
90,612 0,155 -0,826
90,638 0,133 -0,705
90,664 0,155 -0,535
90,689 0,133 -0,413
90,715 0,133 -0,243
90,740 0,111 -0,121
90,765 0,155 0,000
90,790 0,133 0,121
90,816 0,178 0,267
90,841 0,222 0,413
90,866 0,222 0,535
90,892 0,289 0,656
90,918 0,333 0,753
90,943 0,355 0,875
90,969 0,422 0,923
90,995 0,511 0,996
91,020 0,555 1,045
91,046 0,599 1,093
91,072 0,666 1,118
91,098 0,688 1,118
91,123 0,799 1,118
91,149 0,844 1,118
91,174 0,910 1,093
91,200 0,977 1,045
91,225 1,043 0,996
91,250 1,088 0,899
91,275 1,132 0,802
91,300 1,199 0,680
91,325 1,243 0,607
91,350 1,265 0,486
91,375 1,310 0,364
91,400 1,332 0,267
91,425 1,354 0,146
91,450 1,332 0,024
91,475 1,332 -0,097
91,501 1,310 -0,219
91,526 1,310 -0,340
91,551 1,310 -0,437
91,576 1,243 -0,583
91,601 1,199 -0,680
91,626 1,132 -0,778
91,651 1,066 -0,875
91,677 0,977 -0,923
91,702 0,932 -0,996
91,728 0,866 -1,069
91,753 0,777 -1,118
91,778 0,666 -1,191
91,804 0,577 -1,166
91,829 0,466 -1,191
91,855 0,377 -1,166
91,880 0,289 -1,191
91,905 0,200 -1,191
91,930 0,111 -1,142
91,956 0,000 -1,093
91,981 -0,089 -1,021
92,006 -0,178 -0,948
92,031 -0,244 -0,899
92,056 -0,311 -0,826
92,081 -0,355 -0,729
92,107 -0,400 -0,680
92,132 -0,422 -0,583
92,159 -0,444 -0,486
92,184 -0,466 -0,364
92,209 -0,488 -0,292
92,235 -0,444 -0,194
92,260 -0,444 -0,097
92,286 -0,422 -0,024
92,312 -0,355 0,097
92,338 -0,311 0,146
92,363 -0,222 0,243
92,388 -0,178 0,316
92,413 -0,044 0,389
92,439 0,044 0,413
92,464 0,155 0,486
92,489 0,266 0,510
92,516 0,377 0,559
92,541 0,488 0,583
92,568 0,599 0,583
92,593 0,733 0,607
92,620 0,844 0,583
92,646 0,955 0,583
92,672 1,088 0,559
92,698 1,199 0,510
92,723 1,332 0,486
92,749 1,421 0,437
92,775 1,532 0,389
92,800 1,576 0,340
92,826 1,643 0,292
92,851 1,687 0,267
92,878 1,732 0,170
92,904 1,798 0,121
92,929 1,798 0,049
92,955 1,820 0,000
92,981 1,776 -0,073
93,008 1,732 -0,146
93,033 1,709 -0,170
93,058 1,643 -0,219
93,083 1,598 -0,243
93,109 1,487 -0,316
93,135 1,399 -0,364
93,160 1,288 -0,413
93,186 1,199 -0,437
93,211 1,066 -0,486
93,236 0,932 -0,510
93,261 0,821 -0,510
93,286 0,688 -0,535
93,312 0,577 -0,559
93,338 0,400 -0,559
93,363 0,289 -0,535
93,388 0,155 -0,535
93,413 0,022 -0,535
93,439 -0,111 -0,535
93,464 -0,200 -0,486
93,489 -0,311 -0,510
93,515 -0,400 -0,462
93,541 -0,511 -0,486
93,566 -0,555 -0,462
93,591 -0,644 -0,413
93,618 -0,688 -0,389
93,643 -0,688 -0,340
93,668 -0,755 -0,340
93,694 -0,755 -0,292
93,719 -0,755 -0,316
93,745 -0,710 -0,267
93,770 -0,688 -0,267
93,795 -0,599 -0,243
93,820 -0,555 -0,243
93,846 -0,466 -0,194
93,871 -0,355 -0,194
93,896 -0,266 -0,194
93,921 -0,178 -0,194
93,947 -0,067 -0,170
93,972 0,089 -0,146
93,997 0,222 -0,146
94,023 0,377 -0,121
94,048 0,511 -0,121
94,073 0,666 -0,146
94,098 0,777 -0,146
94,123 0,955 -0,121
94,148 1,066 -0,121
94,173 1,199 -0,097
94,198 1,288 -0,097
94,223 1,421 -0,073
94,249 1,510 -0,097
94,275 1,598 -0,073
94,300 1,665 -0,097
94,325 1,754 -0,024
94,350 1,820 -0,049
94,375 1,865 0,000
94,400 1,865 0,024
94,425 1,887 0,024
94,450 1,865 0,024
94,476 1,843 0,049
94,501 1,820 0,073
94,526 1,776 0,073
94,551 1,709 0,097
94,578 1,643 0,097
94,604 1,576 0,146
94,629 1,421 0,146
94,654 1,376 0,170
94,679 1,243 0,146
94,704 1,110 0,170
94,730 0,977 0,170
94,755 0,866 0,194
94,780 0,710 0,170
94,806 0,577 0,194
94,831 0,444 0,170
94,856 0,333 0,146
94,881 0,178 0,146
94,907 0,067 0,121
94,932 -0,067 0,121
94,958 -0,178 0,097
94,984 -0,244 0,073
95,010 -0,377 0,024
95,036 -0,422 -0,024
95,061 -0,511 -0,121
95,086 -0,555 -0,170
95,111 -0,599 -0,194
95,138 -0,644 -0,267
95,163 -0,622 -0,292
95,189 -0,644 -0,364
95,214 -0,599 -0,413
95,239 -0,622 -0,510
95,264 -0,555 -0,510
95,289 -0,511 -0,583
95,315 -0,444 -0,607
95,340 -0,377 -0,680
95,365 -0,266 -0,705
95,390 -0,178 -0,753
95,415 -0,067 -0,778
95,440 0,000 -0,802
95,465 0,155 -0,802
95,491 0,244 -0,850
95,516 0,377 -0,826
95,541 0,488 -0,850
95,566 0,599 -0,850
95,591 0,733 -0,802
95,616 0,844 -0,778
95,641 0,955 -0,753
95,666 1,021 -0,705
95,691 1,132 -0,656
95,716 1,243 -0,607
95,741 1,332 -0,559
95,768 1,376 -0,486
95,793 1,465 -0,389
95,818 1,510 -0,316
95,844 1,554 -0,243
95,869 1,576 -0,170
95,894 1,621 -0,073
95,919 1,576 0,000
95,945 1,598 0,121
95,970 1,576 0,194
95,995 1,532 0,267
96,020 1,487 0,316
96,046 1,443 0,413
96,071 1,376 0,486
96,096 1,354 0,583
96,121 1,265 0,607
96,146 1,177 0,656
96,171 1,110 0,729
96,197 1,021 0,778
96,223 0,932 0,826
96,248 0,821 0,826
96,273 0,755 0,826
96,299 0,622 0,802
96,325 0,533 0,802
96,350 0,422 0,778
96,376 0,355 0,705
96,401 0,266 0,656
96,426 0,178 0,607
96,451 0,089 0,535
96,476 0,044 0,462
96,501 -0,044 0,364
96,526 -0,067 0,267
96,551 -0,133 0,170
96,578 -0,133 0,073
96,603 -0,155 -0,024
96,629 -0,178 -0,170
96,655 -0,178 -0,267
96,682 -0,200 -0,413
96,707 -0,200 -0,510
96,733 -0,178 -0,632
96,758 -0,155 -0,729
96,783 -0,089 -0,826
96,808 -0,067 -0,923
96,834 -0,022 -0,996
96,859 0,000 -1,093
96,884 0,089 -1,142
96,910 0,133 -1,215
96,936 0,222 -1,239
96,961 0,266 -1,288
96,986 0,355 -1,288
97,011 0,377 -1,337
97,038 0,444 -1,337
97,063 0,533 -1,288
97,089 0,577 -1,239
97,115 0,666 -1,215
97,140 0,710 -1,191
97,165 0,755 -1,093
97,190 0,799 -0,996
97,215 0,844 -0,923
97,240 0,888 -0,802
97,265 0,932 -0,680
97,291 0,932 -0,583
97,316 0,999 -0,437
97,342 0,999 -0,340
97,368 0,999 -0,243
97,393 1,021 -0,073
97,418 1,021 0,024
97,443 1,043 0,146
97,468 1,021 0,292
97,493 1,021 0,413
97,518 0,999 0,486
97,543 0,977 0,632
97,569 0,932 0,753
97,594 0,955 0,850
97,619 0,888 0,923
97,644 0,910 0,996
97,669 0,844 1,021
97,694 0,821 1,093
97,719 0,777 1,118
97,744 0,777 1,142
97,769 0,710 1,142
97,794 0,688 1,118
97,819 0,644 1,069
97,844 0,644 1,045
97,869 0,622 0,972
97,894 0,622 0,948
97,919 0,577 0,850
97,944 0,555 0,778
97,969 0,511 0,656
97,994 0,511 0,559
98,019 0,488 0,413
98,044 0,511 0,316
98,069 0,466 0,194
98,095 0,488 0,049
98,120 0,466 -0,121
98,145 0,466 -0,243
98,170 0,444 -0,389
98,195 0,444 -0,486
98,220 0,444 -0,632
98,246 0,444 -0,753
98,271 0,422 -0,899
98,296 0,444 -0,972
98,321 0,422 -1,093
98,348 0,444 -1,191
98,373 0,444 -1,288
98,399 0,444 -1,337
98,424 0,444 -1,385
98,449 0,400 -1,434
98,475 0,444 -1,434
98,500 0,400 -1,482
98,526 0,422 -1,434
98,552 0,400 -1,434
98,578 0,400 -1,409
98,603 0,400 -1,337
98,629 0,355 -1,288
98,655 0,377 -1,191
98,680 0,333 -1,118
98,706 0,355 -0,996
98,732 0,311 -0,899
98,758 0,355 -0,778
98,783 0,333 -0,632
98,809 0,311 -0,535
98,836 0,311 -0,364
98,861 0,311 -0,267
98,888 0,333 -0,121
98,918 0,355 0,049
98,943 0,377 0,219
98,969 0,377 0,292
98,994 0,400 0,413
99,019 0,400 0,535
99,046 0,444 0,656
99,071 0,488 0,753
99,096 0,533 0,850
99,122 0,555 0,923
99,148 0,599 0,996
99,173 0,644 1,021
99,198 0,644 1,045
99,224 0,710 1,093
99,249 0,733 1,045
99,274 0,799 1,045
99,299 0,799 1,021
99,324 0,844 1,021
99,349 0,888 0,972
99,374 0,955 0,923
99,399 0,977 0,826
99,425 1,043 0,778
99,451 1,021 0,632
99,476 1,066 0,559
99,501 1,088 0,437
99,526 1,132 0,340
99,551 1,110 0,219
99,576 1,132 0,097
99,601 1,110 -0,024
99,626 1,132 -0,121
99,651 1,088 -0,243
99,678 1,088 -0,364
99,704 1,066 -0,486
99,729 1,043 -0,607
99,754 1,021 -0,705
99,779 0,932 -0,802
99,805 0,910 -0,875
99,831 0,821 -0,972
99,858 0,777 -1,045
99,884 0,733 -1,093
99,909 0,644 -1,142
99,934 0,599 -1,166
99,959 0,511 -1,191
99,984 0,422 -1,191
100,009 0,355 -1,215
100,034 0,289 -1,191
100,059 0,222 -1,191
100,084 0,178 -1,118
100,109 0,089 -1,093
100,134 0,022 -1,021
100,159 -0,089 -0,972
100,185 -0,133 -0,875
100,210 -0,155 -0,826
100,235 -0,178 -0,729
100,261 -0,222 -0,656
100,288 -0,222 -0,535
100,313 -0,244 -0,437
100,339 -0,266 -0,340
100,364 -0,244 -0,219
100,389 -0,244 -0,146
